240.195
39.5545
80.649
187.116
284.752
250.56
47.8727
168.274
204.698
3.1646
16.7572
191.499
224.381
9.00116
265.341
74.9654
89.1808
1.83641
270.105
140.374
150.723
259.102
298.206
213.484
134.733
4.14239
130.261
87.0582
293.897
124.597
292.745
271.962
243.41
133.182
22.8674
246.246
218.769
79.7549
265.534
190.83
199.629
89.4623
162.434
265.44
296.182
154.868
190.01
67.4363
258.38
141.24
197.482
90.9805
213.62
23.0465
134.797
281.75
138.791
183.299
11.743
275.3
206.497
252.116
39.4311
90.3387
191.038
31.3832
114.49
122.116
58.002
145.802
177.77
31.5043
220.439
103.614
4.39243
153.778
109.947
122.14
75.4791
66.3926
276.188
235.92
159.833
150.585
4.59303
248.843
4.41019
147.013
174.022
237.281
76.4598
140.946
31.295
2.2416
140.794
46.8477
199.312
11.3114
132.342
88.1571
283.394
77.2378
222.76
21.6448
290.966
61.9478
284.393
266.34
138.371
268.62
239.952
240.468
17.1397
191.469
31.4977
224.444
47.936
135.268
183.265
26.9315
57.8258
208.467
134.476
32.1872
21.3985
97.7802
119.799
231.483
176.77
258.325
202.056
106.94
225.997
11.8949
37.2759
257.33
292.225
179.587
206.442
200.657
70.6622
67.9108
290.793
78.118
169.393
248.442
270.034
31.7554
49.8421
183.908
273.152
115.78
92.7523
180.16
62.4001
269.273
159.044
250.965
263.512
93.1951
224.689
130.362
23.3438
1.8468
159.615
141.487
216.497
49.37
24.2374
12.2331
98.6648
266.792
31.9556
164.534
100.247
243.636
178.069
176.301
13.1555
220.428
39.891
273.062
143.884
151.269
11.334
38.3557
70.6606
215.415
183.219
256.012
57.6075
257.753
147.733
188.223
22.6951
114.918
148.083
236.144
137.029
28.0622
203.25
142.915
63.2511
184.052
108.947
150.144
168.623
255.309
75.0563
136.489
276.64
80.7065
285.861
60.8235
211.587
104.289
100.713
71.4677
183.192
149.945
88.2714
80.7711
162.183
62.2949
150.892
28.6841
267.516
46.498
217.318
69.6741
152.896
29.4295
262.302
91.3092
113.813
265.776
17.9614
83.2425
97.1646
124.179
19.3472
293.33
41.8791
117.423
19.3111
155.922
286.219
81.3112
109.178
256.941
117.63
45.0357
193.177
52.7946
265.869
54.3732
281.864
116.202
233.408
264.078
179.926
162.46
39.8705
26.9445
298.947
191.92
195.777
116.911
281.693
180.559
41.8705
22.6256
117.017
33.5549
7.90428
87.1538
7.71057
36.7511
279.766
147.653
291.516
81.3967
19.9285
257.969
209.491
234.818
293.013
269.371
121.622
225.642
153.426
235.812
171.663
292.024
180.309
99.1487
228.688
61.3515
210.86
239.312
176.674
297.87
240.619
45.7597
206.845
82.5322
156.445
184.215
151.246
290.691
150.932
110.082
289.692
230.525
30.6114
272.731
160.91
207.198
177.791
181.797
113.966
44.549
46.9965
291.266
249.742
98.1729
239.461
289.712
215.049
182.176
177.196
11.3953
80.9975
99.9524
116.652
113.223
5.11969
52.1026
262.498
101.46
151.711
191.548
138.497
285.914
299.874
161.157
73.5366
263.709
202.152
102.414
244.808
264.409
59.5786
244.024
266.678
160.576
196.686
275.005
49.478
240.895
162.971
164.131
64.9867
99.7601
42.0084
164.19
245.817
296.855
120.291
121.787
86.7385
263.255
100.74
227.867
48.414
293.586
271.313
173.007
164.422
141.257
132.09
5.57958
169.358
67.5443
293.954
150.862
231.162
291.533
29.9288
98.9659
133.252
102.468
273.11
180.827
82.4512
261.997
150.23
269.498
188.544
224.537
107.626
15.1578
37.8342
89.9771
222.684
47.7377
20.6244
213.81
224.051
84.7076
257.624
145.798
271.363
233.513
132.086
278.992
68.8545
74.7567
278.264
29.3155
119.828
136.603
295.477
236.798
152.757
246.982
280.172
135.442
40.2828
39.2572
15.3664
231.757
134.155
164.936
260.703
179.598
293.998
154.216
139.071
182.168
213.94
35.5442
223.729
237.013
32.0084
263.193
143.317
120.143
2.7236
239.189
79.654
75.2669
69.2487
259.898
23.4795
266.164
268.639
41.1961
270.734
32.8192
106.243
248.15
130.013
221.461
209.642
30.8877
4.25539
50.9758
208.337
286.497
69.7125
200.772
211.611
280.55
205.493
269.568
226.611
274.459
74.0748
34.1077
79.1936
115.244
227.372
11.9915
51.3146
157.388
156.651
274.268
222.754
289.504
108.99
258.627
56.11
56.9231
138.637
87.5071
289.407
239.007
35.9991
199.562
260.971
252.242
253.333
126.073
219.583
41.1951
226.241
201.647
251.299
207.654
257.954
99.1894
105.823
226.017
139.392
8.70203
251.998
188.052
250.734
183.165
215.172
279.667
54.7327
23.7373
294.223
258.006
155.191
217.472
117.295
225.278
267.662
272.903
149.387
277.691
19.7965
4.89018
178.523
145.648
253.942
207.357
155.857
234.452
240.131
161.208
254.605
105.324
128.268
166.941
83.3105
39.6759
174.936
233.904
18.0981
51.8403
5.99349
299.498
68.4834
198.538
157.416
121.879
289.516
177.432
285.314
205.838
101.77
108.101
3.62497
245.222
218.25
277.963
246.732
126.152
55.54
215.66
2.19427
110.869
159.948
278.79
208.233
138.025
7.2623
2.3335
90.963
118.175
115.693
58.5291
269.422
85.4566
61.899
215.008
79.0719
107.071
68.4763
155.872
58.5216
91.3688
101.881
132.655
109.721
62.9982
32.3946
73.5278
226.238
194.479
279.112
41.5303
74.3492
259.423
293.625
233.197
63.3278
131.111
68.613
170.536
196.956
95.2089
12.1276
100.008
240.568
257.847
70.2516
233.694
67.1524
276.224
197.288
238.605
176.304
119.746
242.002
258.219
42.854
141.077
64.0518
108.106
269.951
114.26
54.2405
270.912
231.92
168.324
203.989
4.86718
121.919
82.7727
150.594
112.482
289.608
62.8186
48.3351
175.078
116.908
296.858
12.5011
112.507
60.8848
250.949
186.14
76.8781
260.324
156.453
237.021
52.0015
254.729
229.745
61.9009
66.4697
106.572
240.075
76.4918
95.4254
248.734
68.646
67.3639
178.565
249.495
272.493
161.066
280.658
254.306
263.843
250.477
273.607
246.832
197.539
252.725
122.062
139.466
144.286
159.065
281.884
193.608
149.399
181.67
155.088
225.667
82.756
66.4182
126.087
154.851
127.165
201.485
208.457
267.011
188.731
272.567
135.497
262.312
49.3302
119.357
39.353
105.664
154.901
298.483
225.545
92.3078
31.3444
16.0032
159.89
233.855
179.926
69.3898
268.935
230.716
54.3523
153.369
125.999
215.405
24.8932
51.6103
94.7968
234.433
227.503
190.785
139.543
252.648
62.1734
80.5489
95.6841
178.791
87.5833
241.611
87.3524
64.592
70.1031
218.145
170.53
108.855
160.452
229.786
27.3452
121.553
113.818
233.094
137.91
40.7722
143.531
23.6547
83.2004
50.3948
266.866
5.04261
259.692
176.706
174.94
166.61
132.637
72.1764
276.266
118.981
159.35
201.074
94.2769
287.937
291.434
99.0567
235.671
159.654
45.3332
129.799
132.231
213.126
249.448
216.314
210.245
62.1746
116.645
240.309
107.798
199.283
238.295
264.149
4.84097
76.8102
32.7276
118.095
40.3673
149.666
287.077
14.4753
235.267
298.476
166.837
178.202
271.993
102.578
154.524
293.193
81.7225
15.5881
69.2723
269.357
86.6096
139.872
227.76
294.759
286.082
175.372
18.8507
135.142
275.726
91.4008
61.4892
170.81
228.482
178.762
179.465
219.583
273.793
111.294
13.7714
26.4733
12.6048
233.743
216.045
183.948
125.922
184.439
218.499
56.8113
130.111
97.3359
217.071
198.98
221.79
161.579
116.668
18.2038
47.7471
279.324
174.153
270.97
184.639
157.132
197.664
72.9261
98.5788
162.732
215.232
13.4714
141.329
115.919
23.5116
154.178
124.351
9.50148
253.405
228.509
195.711
67.6607
101.145
91.3086
103.164
52.8094
236.903
254.946
269.115
202.539
142.428
103.238
285.647
171.773
29.8401
143.263
297.959
269.298
5.87537
254.371
208.102
73.095
95.2834
212.725
215.963
145.689
131.599
40.7334
217.146
197.244
275.068
99.8136
231.136
216.84
280.051
239.594
17.8687
20.8749
227.147
9.34048
283.134
186.454
10.2655
38.1791
291.255
264.269
141.242
281.742
110.209
58.8213
207.316
156.022
75.4761
119.953
239.947
51.0806
202.787
189.001
290.217
266.634
285.002
187.488
49.8445
271.072
180.434
289.88
219.776
51.9906
47.1898
180.883
15.8702
248.121
7.34116
121.297
166.72
81.7607
234.79
126.974
107.948
69.4808
30.2071
175.353
73.5525
230.822
123.486
232.773
49.9797
226.64
285.881
137.992
212.716
12.2729
221.911
232.155
91.1319
251.824
99.7852
241.722
29.035
66.8019
96.6649
222.834
24.2145
297.638
90.5825
268.362
216.434
227.89
46.9309
110.058
73.8184
54.3537
73.1144
216.341
202.496
40.5631
89.262
122.058
181.1
208.092
268.783
114.464
216.772
255.081
3.81879
299.101
62.4934
265.994
82.5199
219.332
235.02
291.401
74.0178
238.536
152.476
251.268
126.391
208.131
16.3515
285.311
27.6194
248.305
178.928
236.383
52.8138
270.721
143.863
21.9485
222.163
275.658
150.846
203.338
83.4568
269.236
194.832
56.2987
231.224
104.19
179.015
21.9123
99.6446
37.2403
130.849
254.413
172.695
270.892
189.745
80.1826
36.3795
259.263
140.798
292.366
287.723
31.8765
228.381
8.15186
262.11
234.021
80.171
9.51971
276.395
282.796
149.39
160.285
22.2912
85.2093
196.76
13.8944
80.3397
263.057
44.9481
113.028
21.5597
294.123
185.518
102.033
175.533
230.102
101.051
85.0318
180.002
181.661
220.072
204.79
259.211
296.436
262.839
236.916
19.4726
6.16561
245.847
5.62262
159.257
6.28436
52.1329
270.526
143.338
35.7254
5.57755
46.7464
179.448
171.134
150.709
145.546
149.207
285.367
38.1115
122.183
2.10204
188.093
211.377
185.218
148.719
52.5982
35.5985
34.2535
106.765
15.8029
159.281
108.063
221.573
56.4132
267.132
237.636
45.1634
154.267
238.583
54.187
139.811
160.376
276.523
26.7864
272.341
62.535
260.658
162.574
105.139
128.037
97.6224
160.033
258.381
106.823
18.861
131.95
76.9549
90.1766
72.0706
91.032
286.235
71.765
57.2884
266.681
208.083
263.326
64.479
279.182
82.1055
217.41
13.2161
209.317
268.385
163.626
208.16
118.84
259.101
241.528
28.9621
277.691
81.2105
164.715
240.636
26.6613
150.402
146.897
279.566
241.521
269.888
28.3547
31.861
271.7
281.026
193.356
56.5456
33.8599
224.797
270.791
203.541
243.853
111.154
77.6234
117.134
213.413
148.711
78.7088
294.359
120.396
98.3447
280.396
275.116
206.889
48.1123
221.646
37.2833
44.9089
113.984
183.573
122.361
295.518
205.943
102.29
133.276
83.9966
33.2163
240.067
146.758
208.942
160.703
113.067
221.94
204.526
237.998
236.168
63.6516
114.447
163.705
84.1743
53.2311
5.29663
274.072
105.464
124.319
40.0485
125.361
266.961
218.936
204.818
219.768
73.9006
54.925
136.357
91.9366
93.3527
167.059
233.188
246.449
242.793
279.321
177.176
223.46
196.792
256.145
262.431
180.255
174.505
76.515
115.517
41.1869
282.229
70.0883
147.114
298.892
168.644
187.236
170.105
251.404
179.77
140.376
199.053
136.247
189.994
223.985
5.17479
235.166
213.929
5.88135
1.38904
206.169
112.41
279.042
280.458
149.485
29.5727
51.6061
105.49
17.8475
223.346
197.969
113.598
33.6813
203.113
239.65
69.9814
2.36742
54.3168
98.4539
244.156
96.7718
175.31
9.89193
77.5846
142.529
267.225
291.182
273.72
216.012
246.49
145.901
153.635
262.148
147.841
208.505
138.17
235.303
103.624
64.5556
239.416
104.877
87.916
168.08
120.478
169.009
248.678
4.90861
167.617
13.4854
23.0124
176.449
31.6306
45.8581
194.486
111.713
44.7765
7.63085
146.391
50.0303
93.7068
14.6143
53.2622
9.70593
17.804
113.175
259.713
63.8474
21.2115
5.72038
53.157
181.315
242.72
131.903
243.509
115.38
136.402
120.072
204.713
29.3333
110.075
182.934
277.203
22.2878
86.5939
286.153
132.049
227.135
243.711
190.073
259.887
248.859
103.877
92.9992
285.302
40.4008
153.845
54.8664
78.6723
51.1632
218.132
228.619
199.278
100.741
65.4585
183.202
51.1327
6.65645
269.906
34.7854
122.362
268.321
1.43024
220.107
148.133
277.879
72.1371
98.0562
275.216
22.3714
111.854
44.7689
245.631
88.0542
170.147
32.4615
182.318
10.7654
87.7157
57.6456
198.838
127.877
180.927
250.828
127.684
88.9092
179.518
141.449
153.311
11.4588
297.294
118.571
119.76
34.6937
27.5068
235.968
230.239
272.303
167.16
155.423
45.0088
15.3545
176.403
299.632
122.066
100.305
148.677
226.649
184.414
228.846
110.172
205.196
73.5383
10.7666
196.779
254.174
114.236
254.507
298.031
91.208
115.615
60.7152
276.839
206.995
22.7745
72.4501
231.741
225.15
28.9267
68.2129
28.2095
81.7367
1.42973
196.84
88.597
289.272
188.189
3.78857
264.388
38.1244
128.609
180.982
115.182
171.257
125.805
15.2638
149.402
273.929
96.9872
278.538
232.651
157.22
138.353
250.581
83.4459
270.513
82.9791
107.378
2.40779
290.846
174.818
62.2949
80.5273
46.3486
51.6634
232.657
88.0045
142.21
254.111
250.407
51.6793
182.165
166.897
60.6603
92.1198
257.949
5.96939
151.611
281.751
12.8075
93.032
109.501
90.9621
196.87
245.992
29.2906
281.363
203.22
123.62
214.917
85.545
129.801
69.4275
140.741
239.158
295.138
199.141
14.8066
236.923
291.338
133.267
23.2473
124.804
202.121
259.724
250.215
221.513
206.804
97.8512
130.453
115.65
14.5929
10.186
278.893
237.062
12.5555
50.4707
11.9507
120.514
203.243
197.239
299.805
29.5372
128.381
13.8147
27.3166
224.309
54.2213
36.1646
172.903
221.958
137.905
285.644
197.32
146.287
251.325
102.45
146.853
91.0724
244.247
141.723
297.663
62.1744
192.868
146.776
38.5108
165.016
272.333
253.88
76.9508
107.326
95.9145
63.6549
226.718
267.425
108.821
227.812
184.614
10.5034
65.1212
71.0242
274.957
149.791
120.109
132.318
104.965
8.57208
209.802
150.342
1.59596
239.091
233.918
113.525
76.5809
182.599
259.066
59.4147
158.259
108.878
50.7492
91.0785
61.1805
183.891
103.356
80.0143
225.484
44.9616
66.3078
275.053
229.219
138.505
53.1832
43.3671
53.2012
285.813
101.646
173.719
164.179
18.7423
63.3934
18.7913
148.491
48.0526
266.566
119.046
5.47648
84.643
255.021
21.714
286.28
93.3375
274.444
158.374
65.5348
265.983
145.979
117.708
171.709
99.5478
125.525
111.355
51.9793
200.523
83.7187
192.446
121.542
175.089
41.2272
120.706
68.6441
132.083
195.99
240.313
132.941
179.329
299.158
89.0924
276
168.156
16.8754
79.5258
163.245
7.70657
139.734
161.573
176.646
269.684
60.0066
62.2889
81.3042
27.6145
248.618
3.61501
213.447
47.1036
174.362
274.919
5.15973
192.807
13.8346
169.059
160.52
260.206
209.401
109.945
111.187
29.0848
258.967
18.8319
188.769
7.0381
48.5084
295.61
118.037
72.1546
34.5247
264.699
261.226
214.77
193.36
189.538
208.638
257.623
266.314
237.235
278.439
149.064
245.981
12.5845
128.36
195.572
46.3491
194.771
146.714
20.0134
144.937
237.156
42.2013
71.0526
199.31
82.981
262.263
204.523
63.3132
63.4271
198.705
28.3066
52.5223
237.312
148.486
35.4351
105.72
76.5215
114.471
237.226
213.287
268.2
184.582
260.801
162.78
152.246
155.989
282.426
174.585
87.809
288.592
281.856
143.951
147.35
29.696
4.17876
290.227
270.022
221.314
103.804
296.646
148.274
46.4426
279.432
167.452
54.4526
44.7911
147.063
37.4522
138.418
15.5189
28.4753
23.5081
283.06
179.97
242.449
52.5649
293.898
61.1175
124.639
57.2929
92.9655
111.028
237.015
288.728
261.634
258.361
72.4125
11.5821
198.856
170.903
25.9731
214.765
141.864
189.079
34.0377
226.173
92.0537
254.477
174.75
269.912
241.997
24.8344
199.33
221.779
108.664
123.82
155.44
225.308
109.202
158.905
223.045
53.5566
288.615
190.56
119.76
101.009
77.1146
68.9776
244.405
162.249
186.478
150.728
171.343
106.347
26.6912
19.961
124.527
109.143
145.996
157.744
108.518
49.7126
59.6697
180.976
141.559
142.591
150.981
113.389
62.651
249.455
142.65
191.856
277.142
174.605
159.854
17.7377
286.724
71.1973
212.068
21.503
274.473
150.504
112.369
291.19
123.044
241.699
270.702
271.415
86.6104
47.9824
54.4812
135.183
140.166
173.849
197.643
238.794
181.182
211.574
161.663
228.033
72.15
7.24463
146.739
38.824
8.55613
58.2895
286.389
170.63
54.2528
195.913
297.049
237.643
242.737
112.718
156.436
255.205
210.763
206.271
257.98
72.8799
164.085
120.78
34.0827
115.43
202.019
81.9792
176.197
19.6374
101.373
263.306
82.2704
141.643
72.726
262.244
171.923
206.007
220.652
215.192
48.7873
297.034
30.336
117.837
249.503
118.744
118.715
50.4673
18.632
124.406
181.005
39.68
179.054
176.076
206.713
177.605
50.6011
277.364
32.4133
254.999
193.33
238.776
296.094
162.224
55.8102
265.477
41.0597
99.9438
137.405
233.687
241.508
184.545
284.8
291.929
286.789
174.172
63.713
291.809
56.1668
266.018
34.1119
168.138
82.8136
294
48.253
28.6166
96.7304
262.927
11.8915
285.585
67.805
298.281
116.15
13.0628
107.687
144.172
95.5512
62.8926
101.757
10.9413
164.827
235.435
124.743
195.567
236.043
1.33117
224.462
31.3951
8.95956
250.782
273.483
211.83
50.3365
234.65
237.576
77.2693
31.2832
255.386
270.431
54.2326
197.762
116.739
99.9715
222.117
184.649
290.194
66.4625
150.055
283.1
180.787
174.512
22.9574
104.778
42.1649
271.039
182.114
276.064
37.7161
296.545
78.9607
226.397
174.514
62.0557
226.038
99.2181
268.523
296.395
13.2028
264.158
93.2087
103.627
265.263
14.4233
146.576
28.4648
38.0805
182.627
140.335
136.963
255.482
123.839
163.683
186.451
176.086
53.4801
171.08
230.173
4.1978
221.664
26.6438
272.572
28.2943
162.866
45.4258
93.2524
136.794
4.46215
296.46
1.23298
257.486
176.62
6.97198
189.993
206.727
195.266
94.609
85.6228
257.434
14.0013
50.0915
101.381
58.8314
80.759
24.6454
282.971
216.99
268.981
132.662
187.613
17.2899
236.972
2.62076
216.364
256.655
126.166
247.782
75.6236
256.237
29.9123
188.156
116.973
258.622
125.729
57.0804
192.686
137.606
182.611
179.781
236.329
104.887
137.425
229.733
231.954
238.003
248.388
46.8754
118.794
9.45102
180.318
187.324
53.0151
165.184
183.155
299.006
167.776
100.831
288.989
172.307
231.627
90.6285
184.228
83.201
104.456
134.064
144.664
295.815
197.902
65.3482
3.1834
68.148
208.346
237.492
198.531
101.061
271.62
57.12
44.7179
235.988
53.77
95.8736
266.063
138.358
220.362
107.499
46.3631
221.177
54.3582
129.991
160.45
279.489
260.503
35.0223
51.8177
89.9056
221.754
111.835
153.828
147.86
114.298
284.649
219.802
9.44958
42.9049
101.319
241.134
140.026
93.7338
216.473
244.08
280.582
65.46
12.6848
181.849
217.471
143.099
279.609
66.3503
29.1272
267.006
266.424
282.18
145.718
223.973
297.992
31.4475
255.973
106.475
288.676
84.6574
126.318
73.1504
49.8271
177.363
143.307
255.749
66.266
15.2322
161.875
264.075
287.753
42.5797
242.253
246.208
77.414
109.282
82.1906
278.365
93.1847
192.473
269.088
89.8374
80.3866
143.618
104.143
293.305
138.769
133.209
52.2825
96.1597
146.28
3.19195
221.585
216.087
152.29
293.628
266.915
133.705
280.882
150.879
29.8266
33.1149
62.4197
274.95
208.255
136.057
235.539
58.3533
219.062
299.034
96.922
182.11
38.0963
233.059
144.241
24.6208
162.466
63.7804
142.43
68.3009
84.477
65.1712
204.451
63.604
265.743
43.6713
109.823
240.685
293.499
94.1492
146.643
233.437
68.9251
135.998
261.575
148.596
172.027
226.104
16.4974
89.3106
219.467
78.6259
182.665
77.1027
135.492
174.334
244.574
187.597
85.4073
290.121
263.516
240.589
44.7792
39.4161
192.261
204.123
73.9183
130.262
47.1401
187.664
176.694
129.2
68.0811
1.98462
79.1744
205.629
38.2313
67.0791
34.3533
147.654
219.094
161.481
161.689
126.062
211.463
20.7851
205.941
264.047
280.409
208.922
95.1249
112.415
173.352
261.625
227.888
252.503
13.9613
115.258
103.822
207.484
115.126
139.313
259.902
242.888
20.4831
233.593
207.174
228.175
218.679
150.049
146.62
246.752
220.019
7.25985
195.476
199.011
279.501
42.8378
166.365
152.356
177.876
71.0651
260.069
166.392
49.1023
51.6713
142.42
282.389
13.9007
217.704
75.4646
119.237
215.539
204.067
51.489
61.4582
293.196
101.982
141.929
123.362
270.674
275.575
174.896
184.258
127.727
237.712
151.954
146.209
11.9645
110.203
45.149
96.3184
129.533
295.601
120.557
81.1394
100.321
118.595
296.81
43.7621
151.652
239.812
125.489
236.223
241.647
173.962
7.20642
144.761
176.737
291.865
241.837
21.999
233.38
175.315
161.507
53.442
287.939
271.17
205.247
171.013
15.0302
205.712
244.15
75.973
99.0195
236.132
253.409
271.282
91.1721
100.936
233.253
112.819
43.8618
93.3811
62.7854
211.899
102.659
109.776
33.7468
233.027
177.496
155.198
254.891
145.669
213.336
84.2737
98.3678
141.788
274.241
108.088
136.044
120.595
159.428
155.212
123.043
36.4256
241.259
138.579
291.174
201.964
175.341
221.845
76.314
296.969
69.827
24.1419
72.509
40.4383
220.769
223.551
69.2771
262.419
184.831
284.807
296.264
281.038
253.471
191.622
106.409
116.426
32.8581
208.267
69.9757
175.897
84.7236
176.794
296.56
234.253
132.971
141.346
279.881
235.891
225.388
170.6
107.143
298.781
110.997
70.1833
86.4075
91.6341
19.77
193.45
208.885
24.2371
83.1491
106.185
131.982
85.3171
292.5
3.67763
186.23
183.181
250.46
39.036
140.998
38.1579
9.86162
225.24
171.859
281.888
48.79
233.471
237.442
169.86
128.958
74.6124
184.669
46.8514
288.487
194.91
150.176
30.261
80.3081
163.973
245.423
281.229
262.52
291.332
193.648
239.599
103.576
183.914
34.9252
149.568
248.491
34.102
297.01
214.533
210.486
280.212
254.762
143.205
292.915
105.074
211.646
118.516
132.755
203.441
18.9005
151.774
170.727
124.127
286.136
50.6908
88.2521
157.576
138.401
257.171
61.9057
214.042
143.532
261.895
68.276
181.808
83.6867
151.211
296.184
266.234
228.548
214.87
275.257
102.564
89.3813
167.858
27.4333
47.4854
151.58
182.648
85.1193
276.749
146.441
177.198
111.458
155.936
16.2843
277.257
265.177
264.884
204.619
105.646
247.128
1.95988
259.003
175.377
50.2008
51.3875
106.851
65.3425
56.6277
92.9533
105.242
11.6469
146.012
2.80723
158.228
99.4177
286.949
289.403
24.0187
199.233
208.821
269.668
5.60019
208.191
188.898
165.744
282.642
199.989
281.522
123.196
247.499
201.616
1.98374
171.752
137.439
268.098
93.6418
258.03
158.656
287.293
41.2459
229.74
59.5961
269.903
286.608
204.99
198.565
233.049
46.4854
183.954
134.488
57.4413
87.4741
262.789
275.562
23.9488
273.468
26.8678
131.941
82.7343
133.989
7.92745
252.133
286.918
194.441
120.111
205.319
85.4409
204.637
44.0707
124.532
43.1026
262.754
289.271
12.7431
178.061
1.34107
118.542
51.1764
48.5698
44.6529
147.289
43.1726
49.6927
53.9115
148.849
33.5342
272.377
194.532
29.6708
6.48334
96.0155
53.219
68.9996
88.4938
258.56
242.202
256.691
202.438
54.2766
298.261
180.979
75.3302
280.917
84.921
3.67538
99.587
297.044
52.8073
288.711
74.439
268.952
255.324
48.4199
156.607
27.4715
191.521
200.038
101.55
245.315
127.376
211.681
167.279
73.8924
143.621
160.258
238.606
164.665
51.6835
299.854
139.775
256.703
282.29
292.301
226.706
37.311
110.519
150.875
77.1945
125.51
99.9727
112.601
236.025
112.573
245.098
207.359
57.8772
186.759
236.134
225.107
38.6719
236.993
267.872
210.471
47.7874
269.805
60.5712
11.1064
15.3572
185.915
220.544
21.3186
141.753
222.644
182.706
28.5577
211.516
89.4621
154.695
42.2174
193.559
278.41
142.546
292.02
144.006
250.738
54.9873
221.492
93.6578
200.131
262.215
172.813
272.789
195.781
123.056
171.89
274.561
53.7262
68.2629
43.7198
260.667
260.486
244.539
29.6203
127.22
295.268
252.952
23.2688
260.426
123.046
91.9568
35.6073
39.8928
214.839
293.524
273.19
40.0463
88.3988
181.919
72.6523
226.02
153.533
155.32
47.6985
188.025
280.507
75.2686
213.317
276.62
42.1315
259.854
159.121
179.094
36.9335
193.848
177.355
126.307
138.993
88.4825
132.961
12.3867
30.3295
68.0155
282.085
7.8976
189.669
30.0091
160.688
258.52
258.811
201.735
92.2618
205.743
218.195
175.445
59.3706
183.457
197.626
189.102
17.4987
172.943
174.917
264.268
274.159
108.438
27.1737
179.032
292.346
33.8138
151.67
36.0042
112.247
253.14
4.0057
203.022
105.026
144.064
202.692
79.7191
263.577
269.401
152.91
184.293
268.405
270.986
206.609
154.484
163.24
83.2066
168.673
107.007
232.079
286.941
260.019
33.5155
78.6629
286.094
2.46226
64.2653
216.183
105.252
185.522
184.029
198.156
264.552
12.2606
60.2027
256.476
234.4
283.475
74.7284
7.59175
126.895
221.485
126.552
89.6837
266.077
263.504
86.5254
123.346
130.9
4.29736
139.264
165.154
54.1008
207.808
249.302
73.5463
89.9762
104.18
32.235
238.742
86.065
150.66
274.929
115.843
1.68136
288.961
79.0514
189.262
273.389
98.5684
199.193
167.834
99.9392
166.712
108.913
279.626
229.614
211.536
128.906
1.65833
168.781
5.87049
141.941
281.392
264.47
140.846
58.5566
84.6316
10.5805
151.801
273.768
162.332
9.57993
130.409
9.55609
116.319
63.4528
176.603
46.7066
170.16
160.732
126.679
78.0861
130.102
168.42
127.312
174.391
234.803
110.808
31.4587
247.683
115.951
180.491
234.651
201.178
258.428
272.543
52.8175
176.209
233.659
211.09
2.65317
154.476
298.026
22.6178
138.774
218.871
115.331
183.164
193.929
177.083
153.59
23.7105
83.9979
91.8162
73.5468
73.6913
56.0621
42.4091
182.543
52.3747
150.636
11.6497
96.378
136.648
221.55
89.6738
298.924
226.356
174.294
81.3765
41.4219
33.0091
81.8245
145.644
151.326
156.917
244.384
51.3174
96.2853
110.397
126.463
243.716
98.6482
139.416
187.462
103.74
62.236
94.0969
189.24
250.97
75.9128
100.741
23.4782
251.829
48.2346
78.2563
225.377
260.14
249.588
239.307
259.98
275.044
30.918
61.1205
69.5076
98.5803
194.191
118.262
35.1689
269.759
96.8975
172.897
153.577
189.721
57.4871
252.937
18.1248
53.9306
288.671
49.1345
7.13225
131.505
187.403
108.181
219.853
48.0375
254.034
201.602
267.736
152.818
168.316
5.18018
11.4664
22.098
108.442
294.55
152.295
244.885
100.83
212.358
273.488
244.949
150.303
200.175
129.824
246.188
216.932
30.3022
270.745
292.021
145.555
135.738
106.776
282.693
262.994
223.488
157.619
247.655
43.0608
20.847
88.1318
224.935
47.3623
69.0969
61.9992
167.328
154.07
230.598
85.9879
227.764
4.39897
194.462
205.481
158.736
278.849
286.799
218.941
259.058
274.533
82.5802
94.5792
78.3752
105.22
71.2903
250.879
171.866
31.5949
133.829
176.417
85.1404
181.355
193.62
166.821
180.665
51.4313
249.874
239.048
205.82
213.932
105.793
67.694
108.008
223.674
172.597
264.743
276.885
110.725
123.4
173.007
31.1504
167.56
105.375
71.2939
185.237
114.156
180.443
48.8377
272.746
184.628
68.4906
111.854
265.352
61.7067
40.0566
71.9576
49.0651
214.65
42.9937
217.328
111.504
29.2249
191.29
192.651
7.66532
182.628
84.5191
45.4225
216.32
109.225
195.4
227.403
16.6012
185.648
236.636
139.153
287.718
131.985
149.157
282.887
141.082
49.9297
223.099
257.212
26.5034
16.692
95.237
1.63986
119.948
95.9959
72.807
45.1606
133.063
156.367
223.426
131.481
82.6512
63.3433
61.4676
151.968
129.003
149.919
2.30819
114.109
262.406
183.583
270.788
290.463
213.812
197.094
256.279
212.829
67.845
110.868
111.859
179.541
155.917
132.893
130.339
246.695
96.5311
16.31
265.139
281.496
239.825
244.93
124.983
177.725
252.912
122.408
189.846
2.3008
188.605
184.003
62.8772
93.2951
112.842
26.9918
111.81
138.256
173.167
21.7643
246.053
237.672
189.373
124.571
266.563
14.856
86.2481
277.599
213.769
233.381
175.073
92.3175
30.2874
226.382
170.381
295.878
148.012
257.94
298.623
79.322
34.9786
13.9935
266.653
135.847
127.483
257.072
176.586
164.553
17.6281
9.06053
24.5891
10.9766
50.5867
212.948
203.112
294.638
223.441
192.818
297.115
157.994
124.607
231.98
75.0975
261.501
101.327
152.23
280.532
179.954
138.625
122.72
76.6253
67.0064
41.967
11.8125
176.211
139.825
9.08789
244.383
74.8732
34.7271
20.5043
13.9041
178.164
109.436
124.52
222.067
81.685
263.959
234.155
262.344
282.609
294.75
209.827
73.5229
214.608
223.084
135.012
66.9116
140.913
294.866
243.473
103.797
237.526
16.5191
239.29
49.7995
152.187
245.452
278.057
208.017
242.914
219.411
123.82
91.7177
266.045
109.242
211.338
276.024
107.139
173.865
58.6421
194.374
89.5249
92.3981
14.8811
88.1954
56.9306
55.4168
62.2879
265.741
25.9503
264.794
198.53
52.9123
1.57276
121.551
278.623
281.301
259.254
43.9154
224.839
93.4693
245.493
81.2129
286.077
264.638
98.436
75.4521
160.036
122.259
124.749
137.654
210.884
99.0499
246.03
201.011
270.781
70.8267
184.012
247.022
15.8846
254.23
13.4479
98.9734
253.997
7.5077
217.038
253.794
114.047
21.7072
138.475
98.9074
68.6639
175.421
165.755
150.945
114.802
258.875
264.503
272.082
8.21719
100.707
217.175
209.013
151.281
71.3456
281.727
281.859
35.8949
259.571
47.1289
253.308
196.485
105.043
148.726
138.763
44.3875
15.481
175.723
70.906
1.06157
205.534
21.854
220.875
205.287
35.6601
118.548
232.887
105.622
147.509
3.66921
269.292
10.5225
207.772
104.493
122.688
299.693
76.2571
28.8419
60.7031
160.38
226.968
222.087
136.994
106.104
283.852
80.6121
242.119
112.672
245.033
180.355
28.0781
278.299
276.568
12.9365
138.543
154.931
20.408
189.891
75.8537
242.648
145.79
80.4978
131.074
133.169
156.228
160.496
84.576
46.6424
132.462
243.078
224.971
100.137
19.4078
222.704
261.666
150.806
115.043
49.1293
114.391
268.979
146.093
91.2761
75.1766
15.3702
250.997
109.136
261.995
284.57
193.682
19.8306
146.339
97.6495
230.585
8.58614
159.353
235.279
3.67879
143.448
57.8086
249.6
76.4556
48.2603
177.488
113.997
90.3213
47.339
274.535
131.004
291.012
279.884
152.823
80.0247
247.135
266.919
175.061
114.698
264.311
219.637
117.657
29.213
209.882
169.306
235.94
11.2722
25.5713
90.5896
116.848
299.311
233.882
169.787
298.008
239.576
43.3935
113.389
56.9247
154.503
296.411
297.773
267.847
127.413
283.874
142.079
171.765
242.239
197.449
132.687
253.572
188.784
122.734
71.5177
187.731
176.268
78.1287
186.758
235.188
200.078
55.526
224.437
179.168
283.576
72.7491
238.694
79.6821
286.416
143.073
135.292
251.717
75.0664
42.0896
65.7654
173.262
227.018
286.857
211.308
116
212.77
264.337
157.734
42.7683
203.332
236.496
262.426
64.2834
158.125
35.1994
287.583
9.38966
109.873
200.201
176.358
279.845
70.6969
56.4275
59.4917
256.406
177.413
154.555
170.731
94.8698
19.1789
195.965
11.8021
270.613
284.786
87.1171
219.47
236.819
63.4379
34.0973
246.78
252.923
76.7538
283.23
154.806
186.595
234.702
183.077
263.27
88.7498
247.428
245.621
223.7
71.7535
94.6961
205.372
110.728
43.2447
188.681
279.856
40.8493
165.926
45.3568
214.984
199.852
87.5579
18.8679
230.301
214.808
267.713
54.6091
107.512
221.017
102.36
271.622
246.247
25.0259
102.183
58.5455
225.68
235.827
222.094
58.9337
237.237
54.6969
251.031
75.616
96.3892
187.13
21.4814
224.635
112.842
86.2808
159.757
160.853
277.341
298.183
147.14
128.812
76.9399
219.909
128.225
260.961
174.108
138.112
295.26
118.724
89.5936
212.581
261.259
279.305
112.223
34.1187
109.008
227.524
243.263
205.399
145.075
16.7482
124.136
99.4457
223.237
66.249
154.536
208.546
216.456
7.20699
134.002
156.676
93.2162
66.9759
290.154
224.511
83.6118
193.582
30.5553
179.095
95.9506
251.244
123.081
69.8774
73.7376
163.926
145.1
70.5556
32.4613
192.573
188.259
24.279
180.863
254.668
235.622
1.10932
139.095
206.176
255.762
93.7242
210.092
240.706
234.967
232.452
115.424
130.868
238.68
238.189
122.038
224.717
237.556
211.503
15.0163
137.639
289.514
88.5918
62.3384
153.114
295.695
188.703
115.004
255.684
217.069
172.442
258.6
276.092
237.019
231.544
122.173
20.2212
197.523
70.7006
236.013
1.89626
99.2019
38.9226
68.5643
7.73841
66.1279
2.66953
71.445
8.01301
147.999
44.7362
200.365
136.783
62.6371
78.6269
233.514
114.728
214.202
278.806
282.217
132.814
259.419
54.759
232.801
64.6842
160.439
180.6
63.742
214.941
43.4102
191.329
2.36271
38.4854
268.897
172.71
69.8033
120.238
193.932
224.02
161.065
6.87347
234.871
42.7838
166.807
182.777
51.3953
5.43428
64.2861
89.7665
159.093
91.4801
168.955
172.407
136.208
77.6524
32.7357
134.742
233.136
61.991
260.99
250.255
160.067
77.5304
155.201
118.013
162.832
65.3419
227.842
293.054
264.022
216.766
80.6971
189.72
292.795
220.315
98.7894
123.018
207.8
29.3191
22.6759
261.103
32.95
17.6906
242.343
3.94584
127.078
99.6886
9.49377
285.516
222.477
11.3881
141.702
116.833
289.186
167.675
252.873
186.633
221.637
192.698
20.2679
189.809
29.6424
144.624
239.903
134.974
104.394
114.198
136.369
10.1003
200.921
204.669
68.2792
215.963
157.051
11.0278
138.687
32.5482
158.18
297.311
55.4205
150.212
5.34451
88.3358
264.927
94.2196
275.477
12.4363
270.188
125.836
188.687
30.292
121.601
26.8775
117.095
173.047
30.6111
250.299
74.0924
291.511
247.137
204.921
218.568
173.489
118.896
28.604
7.97646
190.571
194.521
23.65
244.012
134.801
179.681
191.152
277.586
144.121
189.595
175.992
100.429
29.8848
56.6803
7.96323
257.94
35.5367
52.4506
177.473
151.007
262.332
296.122
28.6425
168.849
100.307
178.928
285.475
87.0301
278.903
229.465
195.235
78.5091
48.298
228.301
59.7587
170.798
159.553
203.339
229.316
122.395
72.8172
145.857
243.326
294.353
250.044
216.139
190.502
52.4001
110.547
274.224
41.7923
187.601
11.2614
206.307
78.0494
28.317
32.928
186.669
254.107
43.7756
184.561
166.045
121.895
56.5032
123.237
49.3108
100.513
87.4659
230.692
12.5203
99.6688
96.3524
194.489
269.234
299.003
220.55
241.12
263.859
2.84475
233.517
64.2707
198.547
104.159
123.525
130.228
187.112
187.498
133.24
16.3575
25.9478
182.91
263.006
273.621
123.269
1.54288
249.476
82.9002
246.507
130.629
107.8
126.646
108.06
230.311
123.325
19.5498
144.293
268.288
225.305
196.485
39.4758
132.457
135.145
280.578
239.077
145.278
163.123
123.484
221.808
237.049
243.551
76.3705
256.492
139.945
276.107
249.62
18.7279
249.57
283.883
25.2705
177.536
198.747
37.2383
87.5252
67.7481
216.05
24.6838
251.133
197.094
240.3
177.002
204.687
244.601
298.764
209.862
141.997
77.6828
163.053
203.713
41.9339
31.5274
29.6108
253.005
50.5825
112.779
223.154
47.5148
80.1577
198.053
164.931
237.12
7.95871
86.7769
296.945
116.874
238.152
267.764
284.434
87.8725
17.1902
16.0255
152.144
179.61
97.0523
35.4252
298.273
13.0082
95.0239
252.644
19.8585
74.4019
46.7286
116.599
165.544
123.156
254.044
276.472
112.355
156.992
165.539
289.517
91.1284
180.405
161.432
289.854
284.856
231.222
292.849
223.643
274.384
253.019
43.8799
197.383
56.947
44.7402
87.2027
13.6126
27.015
297.862
188.503
195.722
65.9163
248.38
137.82
190.549
219.827
286.997
59.4871
44.1734
214.469
61.3867
142.943
97.5882
205.415
153.232
212.866
108.076
53.3564
46.9167
227.574
153.288
198.698
46.9805
131.842
16.9594
167.706
183.927
16.2601
222.377
244.065
26.1236
160.622
180.44
13.1131
128.132
51.3355
199.53
87.1206
44.9914
290.269
297.311
184.233
214.559
101.555
82.4297
123.758
212.863
20.3441
291.682
73.7805
239.145
207.862
231.997
42.3956
27.6515
137.947
140.723
203.949
63.5601
136.303
85.9154
248.708
282.88
27.6429
54.1009
285.902
208.769
272.621
168.818
165.497
275.39
2.68174
187.264
205.747
26.9526
117.254
109.236
183.168
294.389
227.11
58.8751
159.972
198.645
264.305
33.9884
193.59
129.285
74.1575
295.998
228.202
215.39
266.083
34.1872
52.0543
125.13
4.80917
284.891
214.64
240.681
294.531
39.9208
131.069
224.633
84.8114
178.381
166.729
212.508
81.1017
153.172
200.108
65.6628
264.131
253.702
38.2565
18.6266
169.464
118.363
120.171
106.404
111.403
126.187
73.1701
253.113
69.0841
170.165
9.65113
3.68809
290.324
265.574
283.055
206.807
283.32
145.266
156.094
31.7827
13.6329
145.999
211.399
278.303
98.9851
292.947
25.2858
15.4372
268.399
16.109
58.607
228.422
263.909
161.984
197.414
143.37
277.441
245.647
210.853
210.523
180.95
27.4485
245.802
268.577
244.675
149.964
81.5642
245.948
9.37097
271.981
267.713
98.8457
145.403
188.439
159.973
71.3046
148.57
250.698
121.92
118.081
78.3713
193.663
172.825
241.69
129.478
105.596
108.658
46.8842
7.84253
219.889
260.644
246.856
214.02
280.339
270.047
81.816
156.553
112.733
88.0796
18.4406
119.612
18.78
174.539
134.95
65.4167
169.393
146.531
112.184
93.3406
276.193
45.6355
162.242
30.9005
211.009
257.688
238.417
209.145
93.8617
9.69239
184.68
236.311
40.4658
245.068
60.1577
154.032
157.64
287.935
105.186
15.4631
115.701
151.697
168.104
173.99
148.035
200.27
31.7554
84.3181
165.834
95.4549
150.737
191.268
11.0199
260.75
26.3562
137.654
279.848
106.597
213.326
125.329
169.101
50.5645
285.264
277.447
243.613
291.173
79.0271
202.603
247.333
291.256
183.373
268.498
59.0802
128.914
79.5101
212.786
163.825
132.431
182.898
207.288
161.437
168.492
136.333
250.995
179.585
1.43256
176.499
117.819
44.2758
134.373
266.422
127.845
277.169
119.161
150.485
239.86
107.693
236.605
254.001
266.605
293.121
47.9674
267.036
168.183
295.723
201.193
136.48
245.463
170.178
112.766
89.8114
48.6976
206.948
272.108
256.468
7.73357
117.247
281.628
299.06
6.85108
248.114
134.716
172.752
221.432
138.1
153.881
8.59633
64.5768
281.525
4.15522
155.409
22.5424
55.276
147.365
170.889
140.673
206.542
240.725
297.02
15.4694
3.88502
166.927
122.024
264.37
252.852
140.928
222.406
194.842
91.9076
241.361
281.473
17.0459
239.451
224.952
208.726
41.3074
222.419
71.5743
73.36
227.523
212.638
259.17
167.472
247.375
37.1174
239.858
225.369
9.4125
126.696
46.522
87.1691
250.702
145.787
170.801
75.5046
197.13
89.8133
153.255
18.1563
106.89
109.912
258.771
46.2512
103.233
28.9782
297.928
26.4211
258.287
33.689
289.298
231.116
86.179
175.004
87.0691
5.3879
60.5994
267.735
82.6203
36.2901
265.219
274.907
28.1044
122.153
151.862
132.559
293.777
109.025
38.159
280.642
275.336
198.732
216.01
258.106
74.2163
62.3896
230.461
138.384
130.892
129.356
222.221
291.998
21.6885
154.009
155.252
137.711
273.337
23.0042
12.3532
272.176
205.757
185.994
280.818
286.371
162.371
225.496
285.386
160.719
81.3054
202.088
82.4242
118.643
17.2934
91.1962
276.855
22.0424
245.403
239.709
296.121
163.845
194.092
143.133
206.015
213.377
128.67
239.575
126
196.499
258.147
244.482
102.039
254.243
38.9697
273.332
110.567
23.8953
26.1721
236.226
60.8858
26.4336
102.869
202.419
175.475
173.02
175.147
15.1752
49.8398
163.757
279.843
44.1108
184.697
129.888
240.054
118.09
47.1209
234.931
156.351
188.468
163.795
285.386
215.026
48.8549
26.5564
245.095
272.297
2.28556
149.394
144.427
248.562
126.958
27.9932
106.176
258.115
222.468
35.1515
200.01
45.6459
83.3233
231.172
250.741
65.0498
176.584
259.055
105.244
2.84002
241.903
267.369
29.2365
97.3502
288.379
170.379
146.792
236.263
292.216
110.503
104.181
27.0196
193.321
143.336
289.022
286.33
48.1357
131.518
222.796
290.13
272.825
228.65
92.1745
226.68
176.286
132.414
147.458
22.5622
171.492
225.219
251.635
245.458
205.107
107.868
265.528
221.285
65.8494
127.222
281.693
24.4924
103.377
43.2452
190.344
143.426
181.308
218.808
185.108
41.2824
86.3104
89.9844
274.917
230.134
277.866
114.044
277.783
42.874
209.643
66.5473
152.378
205.158
42.6618
73.6769
89.0744
213.647
145.009
294.779
254.872
151.02
89.2161
203.465
250.535
123.07
15.0584
13.6873
84.5887
236.09
282.442
242.981
169.953
154.932
187.312
27.4245
105.647
197.819
177.564
153.014
52.6487
292.765
1.4475
245.953
44.7014
193.641
248.717
158.574
4.70733
30.8605
116.618
19.3598
166.531
132.816
48.9461
2.02162
138.519
143.572
159.688
249.532
184.48
89.4631
70.0274
285.446
101.111
220.422
275.441
58.5637
78.8696
163.215
68.3586
92.7298
90.7435
189.039
62.2414
266.653
249.62
111.345
9.87989
39.1739
78.8245
54.5469
185.383
63.6118
11.8401
130.338
65.1289
57.6977
216.459
135.316
92.3292
106.786
292.695
250.334
64.4971
119.047
146.381
255.417
68.9878
87.8999
232.611
73.088
142.116
119.419
49.282
232.225
137.013
28.3232
81.4619
289.804
168.224
143.421
30.6103
203.161
50.3004
289.785
260.589
222.921
118.996
151.886
219.302
29.7381
128.053
235.412
39.5926
299.072
28.8984
154.269
16.795
285.68
267.036
64.7591
120.219
167.451
293.772
231.638
168.856
94.6702
92.7562
65.8285
127.208
179.104
191.133
271.647
92.1618
102.845
173.005
90.4227
204.279
190.05
259.003
170.03
77.038
44.5791
125.342
3.8569
136.454
58.7905
253.714
239.097
225.526
112.659
82.3733
294.343
86.3976
186.61
206.261
80.0469
34.9225
158.814
286.419
214.553
174.352
54.9487
40.976
8.05369
119.455
243.101
266.644
276.152
241.263
165.038
245.708
62.2552
203.97
98.2181
8.947
17.4855
282.545
222.255
125.203
57.0821
213.447
63.5068
296.133
171.148
96.6081
93.7968
38.7191
142.111
105.428
13.9846
249.863
156.304
18.5846
129.517
161.501
161.671
147.991
109.165
236.8
37.4966
62.6247
211.035
228.787
150.15
191.336
261.611
128.398
148.256
42.6988
86.3972
275.363
139.249
209.188
251.606
271.982
194.59
185.967
18.363
153.053
73.9992
258.025
20.1707
107.216
133.279
186.148
79.3963
145.654
251.74
251.22
90.7726
208.94
131.505
267.595
191.211
49.4022
1.72066
189.153
69.3055
123.844
123.34
127.995
25.2497
135.529
153.036
240.615
240.746
11.1614
167.821
123.732
19.4913
93.2918
61.5818
139.365
230.807
35.8096
142.519
158.304
174.344
195.272
149.446
261.419
119.373
248.728
58.1441
130.573
92.6285
4.9027
295.154
185.337
163.839
294.075
147.244
272.85
267.669
12.1785
287.716
121.346
220.982
120.983
173.996
137.972
94.8786
259.241
10.2925
225.392
47.0191
103.036
20.5851
50.9296
171.994
217.285
67.2542
233.163
236.492
162.175
27.2614
64.9363
203.311
283.312
94.5808
295.313
172.861
156.311
73.9568
19.4297
55.9847
63.2723
169.105
166.481
97.861
25.2788
196.239
193.35
279.625
175.029
99.8849
205.723
282.195
172.621
18.3347
185.046
119.096
287.979
145.838
168.948
98.6562
292.033
225.752
162.475
196.534
35.4914
297.525
280.761
77.0135
75.2726
139.211
210.285
71.8762
268.874
98.1786
222.104
57.4587
1.47473
232.729
296.589
9.84035
65.1695
210.757
234.395
48.1748
267.793
236.693
152.431
276.903
29.2821
184.195
203.517
76.1449
220.6
277.262
167.501
42.9531
81.6731
101.202
184.343
132.365
211.653
136.96
121.716
205.15
156.453
115.707
124.902
140.471
60.084
254.847
72.6558
108.983
264.265
52.6842
159.814
44.9799
118.715
87.8511
249.525
286.682
122.847
172.231
49.854
35.4539
63.9781
106.409
68.9532
124.066
227.867
244.278
240.295
287.691
202.113
72.1605
95.5958
105.826
147.133
176.238
54.7235
88.3345
173.797
52.7297
74.9005
6.95593
299.062
124.478
263.114
64.6624
2.16995
247.142
42.4751
44.8956
154.814
92.9589
123.153
72.9923
164.041
220.631
166.816
195.516
203.404
85.2143
264.195
145.764
128.851
238.247
35.6475
74.942
144.026
185.607
222.633
221.893
2.4318
255.775
247.751
176.486
35.5153
106.249
168.017
268.38
195.933
42.6223
169.926
168.308
103.852
193.459
228.277
53.1829
174.651
84.684
160.72
30.929
24.248
184.665
214.641
180.606
270.269
149.397
222.775
177.253
69.696
125.559
135.706
191.325
23.8654
12.1849
291.387
11.8834
262.176
270.467
107.323
107.011
128.796
38.8324
18.5726
76.4564
249.372
276.503
9.04951
21.6618
194.275
296.783
161.08
179.205
44.4247
164.578
221.55
208.414
185.461
14.6627
158.636
214.274
263.188
65.3211
35.1186
266.101
276.729
251.652
75.2236
123.522
5.73444
290.037
65.8643
64.5118
176.188
14.7383
239.324
27.3115
73.3718
157.832
292.645
18.1531
94.7215
274.11
198.892
214.991
211.087
298.11
169.679
75.5023
14.8584
37.8679
55.0258
299.359
202.127
220.373
201.87
265.747
116.975
113.263
5.44195
17.7952
217.941
243.879
175.04
224.262
296.639
284.467
217.277
106.48
215.005
257.082
264.014
84.4254
158.765
175.434
191.613
250.123
277.215
84.528
106.755
286.853
224.852
296.116
281.51
77.1065
243.694
28.0811
210.14
106.481
134.633
248.72
170.157
296.356
77.5474
264.22
69.3928
82.0667
151.202
172.335
156.74
159.863
97.2637
237.114
16.2071
31.1215
192.493
248.677
130.934
281.933
184.255
289.168
170.959
295.794
212.522
280.032
183.264
55.0597
139.336
121.41
44.8841
293.541
42.4018
285.229
52.992
52.1962
240.488
193.519
216.882
80.7318
138.124
261.885
96.3323
142.734
97.0456
233.92
140.745
109.321
22.9801
72.1618
295.265
59.0432
200.314
184.158
247.729
250.962
273.057
75.2099
213.725
269.731
209.841
218.696
129.746
176.161
35.4852
40.7469
202.931
200.338
74.8324
258.861
82.236
156.533
202.699
243.887
223.72
289.147
18.5669
122.36
162.358
229.621
89.2879
181.582
84.7241
195.045
164.232
154.23
265.652
195.298
281.673
4.06926
99.1085
38.0249
90.8363
43.9963
125.565
83.2821
123.253
155.867
234.996
108.887
133.984
129.331
137.722
126.44
299.707
179.934
211.282
220.769
215.257
252.002
124.854
90.7826
280.362
266.833
241.165
87.1548
71.787
187.305
231.085
183.86
255.71
263.651
244.792
74.0715
184.941
100.088
139.111
92.8107
234.024
236.244
233.865
187.562
178.681
273.863
263.435
207.653
24.4437
292.963
104.075
159.715
141.499
211.547
80.1007
203.643
142.806
91.0568
121.454
214.363
239.189
66.4864
10.1242
127.022
85.8466
16.4366
35.127
26.0459
251.337
136.729
4.28095
257.369
125.385
32.5015
9.76425
142.963
163.519
272.693
174.275
290.042
168.495
113.784
242.335
205.267
106.443
69.6306
3.3179
70.7897
86.1632
22.9743
142.676
143.452
196.065
251.052
94.8564
36.9348
238.772
150.644
108.769
20.67
93.1713
283.167
102.966
126.486
176.823
11.994
289.745
241.533
62.5491
296.012
49.982
246.225
240.099
201.316
77.1188
4.54835
295.354
161.813
212.687
211.338
102.386
173.421
289.827
216.052
249.137
29.6742
229.523
222.254
268.55
133.27
97.5441
284.26
43.6272
264.644
219.945
33.8468
58.493
222.803
59.0773
297.647
29.1311
8.18646
115.848
258.497
49.0798
235.586
76.2742
88.4006
148.004
31.0596
58.6832
68.3649
54.1929
249.708
23.9194
278.087
254.163
254.58
105.464
282.7
283.167
265.557
13.8315
192.63
230.873
31.0158
23.617
122.442
233.819
176.387
236.547
35.5201
107.518
107.258
35.3903
260.434
123.63
273.175
201.862
11.2834
229.279
220.831
111.951
147.132
186.598
225.563
170.837
158.657
283.074
114.356
230.014
285.237
273.602
21.8525
285.747
239.251
150.107
73.3559
241.463
183.842
75.7997
245.202
60.7225
160.418
275.574
144.802
110.433
288.551
262.43
104.849
250.698
274.045
7.18659
134.897
91.7136
61.375
136.249
101.627
236.388
57.9816
143.369
53.1797
159.42
85.9989
165.779
114.122
212.817
134.109
139.388
74.7483
114.259
279.336
24.0805
121.013
243.712
270.64
115.183
111.79
73.0794
69.7548
256.424
250.584
81.4547
63.9748
61.5636
83.5712
31.1633
294.727
162.461
238.173
284.246
75.6402
31.5635
163.537
295.304
143.468
253.891
83.7038
87.7789
9.25381
124.221
116.015
184.02
181.733
23.318
36.7062
230.155
51.8266
89.523
280.182
103.368
105.998
270.737
262.705
148.362
53.6647
34.2727
265.237
113.161
237.57
276.111
195.813
155.372
165.697
222.858
226.683
49.4983
86.1345
129.909
49.6918
114.9
100.718
273.889
229.199
268.437
53.5542
154.983
175.187
113.016
118.835
145.721
170.14
106.73
283.359
172.941
267.208
50.4222
280.543
52.0106
286.778
82.0644
72.7512
200.869
233.888
59.245
254.855
296.44
101.822
163.066
155.398
293.003
140.356
96.0971
75.2746
244.023
182.288
49.2329
125.08
145.954
62.3762
80.6717
245.753
191.472
239.899
128.361
125.317
208.156
44.7362
39.4002
206.758
51.0467
67.928
293.723
266.722
229.157
19.3648
190.312
255.104
15.3994
25.266
208.448
177.67
191.453
75.5951
194.622
39.981
249.415
298.267
121.887
97.1023
22.4566
186.451
207.574
202.662
119.978
45.0646
17.4076
263.613
115.602
229.877
271.156
65.5646
204.663
112.96
240.559
98.2893
31.576
263.317
197.422
69.3011
173
73.1041
61.0913
100.954
150.336
84.6488
9.79428
255.505
173.433
109.185
12.0304
110.844
261.529
222.385
245.429
134.212
164.051
259.249
55.1588
247.089
71.1979
137.542
272.143
141.812
213.677
74.159
70.0059
15.0496
61.1994
182.032
17.6207
70.8293
272.694
141.039
45.2884
55.3749
78.317
20.2664
39.1851
206.853
49.5761
82.3333
196.196
224.856
212.853
54.5992
241.083
188.951
67.1976
247.525
256.447
183.822
293.306
291.112
89.0496
46.5299
202.264
151.341
49.4615
242.162
152.851
269.984
109.804
292.635
285.226
175.116
205.948
291.912
292.087
132.545
231.766
169.967
123.776
66.4719
138.658
193.446
238.615
38.1421
90.0713
50.4946
28.1813
236.146
221.977
269.679
142.614
124.02
117.031
76.7133
35.1306
106.339
6.32966
98.7216
65.6689
292.746
35.619
275.567
69.832
253.757
138.743
16.0525
66.5877
263.808
68.541
12.2335
127.523
151.118
10.1623
251.318
273.956
244.758
86.6023
258.812
255.684
150.734
275.145
147.916
252.2
236.846
38.1604
114.34
73.7909
2.79881
188.846
85.8271
164.191
260.973
269.122
86.4855
205.622
261.454
243.468
63.4562
164.478
157.667
4.92903
253.784
35.1045
185.752
214.472
15.2291
57.5268
251.425
35.7299
238.479
237.207
90.2732
69.5101
11.3178
130.598
46.9103
37.4949
5.1744
230.392
103.27
184.344
36.129
132.148
284.586
180.377
68.1915
149.385
276.587
254.671
132.559
198.099
72.4253
117.174
138.786
116.001
138.887
218.493
255.851
43.8207
78.2477
143.406
258.825
48.1728
265.056
273.429
127.973
247.473
173.7
130.222
174.776
92.6434
206.962
200.779
119.678
131.648
68.6918
261.177
32.597
79.0626
238.218
129.084
80.6558
198.481
94.0631
163.504
278.563
105.76
265.077
169.223
118.651
119.407
177.488
1.51801
283.415
233.839
272.898
208.13
231.117
21.8934
166.661
81.4482
282.977
134.333
269.285
103.863
169.821
13.3006
215.443
258.149
34.2661
112.709
230.895
158.436
97.0576
287.482
94.1225
238.806
211.834
288.067
49.7608
192.047
43.785
219.174
253.024
106.539
264.624
248.582
74.5831
261.603
49.9466
298.62
265.302
266.22
7.88201
140.529
189.939
281.708
33.3731
159.79
41.8833
127.046
113.022
79.3581
15.4878
207.877
64.7778
135.046
235.627
140.93
282.486
210.492
173.439
171.956
261.091
2.28525
191.606
189.462
230.473
284.502
277.094
123.62
205.42
28.9582
213.614
114.595
84.8938
117.736
248.949
70.3855
131.999
123.825
258.795
110.315
13.1106
122.953
194.661
204.004
31.5448
221.743
14.7024
243.89
212.797
123.649
242.091
287.967
121.844
246.375
100.876
21.4179
242.856
3.05422
257.694
210.23
15.4384
103.202
260.848
103.706
49.2776
7.83156
175.265
176.172
140.094
171.391
194.585
1.71954
149.813
53.2519
162.188
35.7824
240.5
130.141
80.2962
48.6887
127.01
20.8433
149.997
242.827
201.564
31.0749
189.946
76.9192
286.839
38.927
247.685
119.446
54.7739
231.33
270.141
94.9496
220.455
171.554
41.2101
202.634
115.957
224.625
73.4001
9.00258
288.125
18.5773
294.293
138.842
137.374
20.9561
22.9655
12.1517
265.355
75.4487
269.1
168.143
114.344
271.359
262.338
274.15
215.221
77.5234
77.0861
184.38
235.942
198.473
120.413
279.878
60.8062
273.787
267.143
183.405
229.483
67.2545
245.677
23.0257
42.4677
160.359
69.4748
21.9532
16.286
21.5002
48.5823
198.332
151.101
187.36
188.172
116.777
276.343
152.713
55.8633
35.6242
17.1897
226.433
140.119
47.9212
66.6947
223.865
271.328
234.101
263.829
82.4144
44.2066
182.052
31.4631
202.649
64.0132
74.2951
196.673
100.737
152.035
57.8949
281.935
162.667
126.652
39.9636
271.684
245.995
190.486
284.595
122.21
54.7462
20.7822
297.133
60.9801
289.112
164.674
252.241
254.875
272.475
97.862
251.83
245.247
223.407
130.902
224.95
48.4388
127.476
68.3687
48.1447
284.304
146.076
225.651
172.969
11.9506
286.245
164.065
223.605
177.825
279.136
64.2683
106.415
146.602
192.569
273.159
157.778
230.575
22.7156
291.776
104.22
55.6545
94.6353
243.924
291.341
257.828
59.8356
269.782
218.696
157.784
71.0003
1.58266
88.1931
253.017
34.8067
279.536
123.327
54.7389
147.32
194.886
113.189
126.418
177.735
7.63358
94.3033
92.4308
133.604
81.0222
218.782
75.8558
255.794
254.708
106.109
38.116
103.037
38.1712
82.8749
151.035
271.461
231.437
41.6932
124.857
71.3471
134.539
79.8316
89.9771
209.178
270.558
150.516
43.2621
203.382
38.1658
59.4585
104.601
15.5202
225.818
191.906
262.564
40.0305
110.649
18.8717
296.182
296.625
142.846
233.454
242.627
174.302
230.198
240.131
277.988
121.324
52.405
193.21
50.8495
113.027
130.96
76.8101
297.402
206.177
270.205
219.41
85.9637
226.182
186.111
7.74683
23.4275
278.584
7.87138
81.9136
299.817
255.706
98.7335
11.2162
199.138
180.13
185.362
95.7497
228.217
85.3673
2.63187
59.278
72.4105
154.798
194.058
96.2161
36.6594
273.285
184.881
75.2739
265.046
222.719
187.368
146.516
31.894
262.21
31.8482
279.885
77.1249
64.2927
63.1194
142.597
18.7883
76.393
205.396
133.43
63.7208
105.12
228.29
84.5416
61.5697
112.442
274.683
115.385
240.223
108.282
25.8905
144.125
208.277
252.825
16.61
155.473
154.247
117.71
160.188
223.805
133.953
143.845
81.2066
41.6991
200.734
88.6943
296.023
172.601
248.748
253.912
97.0289
86.0012
75.2874
183.661
222.469
95.3479
177.619
234.277
254.654
263.858
157.286
3.02209
271.613
289.822
15.8974
140.741
297.124
265.931
254.622
184.535
293.685
144.737
125.139
208.484
16.1799
185.691
285.16
137.783
158.426
145.086
165.896
232.795
14.9864
1.11073
249.932
113.659
26.262
7.4295
288.647
131.714
281.66
27.3564
134.888
75.127
33.749
168.689
206.762
106.293
42.207
29.0493
194.909
161.652
174.162
259.995
244.459
78.8304
260.742
40.8843
178.757
147.272
100.833
40.4261
143.981
166.629
174.54
80.6368
185.304
255.828
277.505
222.628
291.494
188.402
252.113
178.701
216.801
7.68103
124.145
176.804
128.921
178.166
253.445
265.298
198.412
234.611
255.703
142.234
225.826
223.525
112.3
117.189
265.533
237.039
289.703
297.25
55.5913
188.75
151.192
250.12
72.5827
153.325
85.2834
216.928
116.987
102.54
285.04
133.535
12.644
252.461
258.565
46.9263
57.0715
126.246
75.3653
197.034
110.465
55.7857
203.319
101.326
102.249
151.711
66.7811
17.6526
167.097
146.253
268.313
287.166
189.446
299.278
59.7119
55.1287
27.0644
240.584
298.394
88.2216
59.7219
43.9419
295.176
105.695
271.851
282.153
222.081
279.047
158.184
12.1376
159.865
256.415
249.854
180.139
77.0109
169.43
19.1845
31.6196
131.983
68.5659
19.6214
222.284
27.3277
104.112
210.694
71.8656
148.886
119.978
117.211
59.4909
58.0983
218.824
22.4393
81.1009
168.117
222.829
179.594
163.498
222.101
193.646
277.825
92.6422
217.247
281.602
62.9477
190.566
254.605
89.3026
241.709
161.559
6.95929
214.462
105.868
64.5301
58.0925
247.995
7.16998
11.5721
131.368
289.262
87.5561
113.404
20.6625
18.1426
253.82
64.3258
297.332
52.0961
240.298
173.059
168.678
26.0986
77.7613
113.424
70.8586
191.848
109.072
143.244
143.237
34.3202
252.874
40.0547
122.283
25.8631
184.89
195.876
150.243
106.998
217.442
65.7686
81.1828
211.63
68.3475
132.977
230.771
46.4167
219.211
129.991
14.9863
202.457
44.8122
182.312
237.663
130.103
140.587
78.0853
136.068
124.002
276.717
190.521
256.206
132.858
140.024
276.215
6.34804
235.489
212.775
107.003
55.2696
107.505
252.66
145.016
87.7492
195.596
67.6198
175.497
278.38
27.3912
218.628
174.457
102.748
22.5392
250.802
184.632
49.9556
5.39019
82.2104
103.545
200.5
268.474
104.169
297.548
188.194
246.396
204.402
259.021
222.38
288.996
131.284
233.81
62.9945
30.0755
172.343
155.11
38.7038
232.83
205.07
172.44
126.33
252.796
160.256
281.968
164.81
235.073
225.85
36.3603
97.5661
89.6099
5.05079
48.4639
280.124
109.362
51.306
127.323
65.954
229.423
239.039
114.073
134.665
83.5183
94.8648
203.527
13.9983
60.8683
284.385
31.6898
36.2459
275.192
179.795
203.386
195.945
260.15
243.797
249.707
56.552
286.552
221.046
239.498
37.3543
13.3351
61.2012
75.6931
55.9042
282.863
68.9026
287.146
128.678
58.6232
263.577
223.948
154.467
268.477
100.033
215.7
175.976
133.955
175.993
150.04
196.369
125.369
202.537
238.54
244.175
117.846
285.92
169.879
175.541
256.658
143.677
204.735
178.544
170.917
100.768
34.2995
294.157
82.9523
190.482
192.631
158.313
266.787
267.348
117.8
231.425
153.202
185.425
39.2374
4.11073
134.512
12.7344
240.668
153.563
36.0639
76.4705
219.909
156.581
273.634
16.5432
185.128
179.706
256.061
135.446
51.9711
188.465
233.605
179.161
288.772
258.147
167.506
246.163
276.635
197.897
234.789
222.646
177.549
12.2062
17.5127
72.324
94.9313
119.031
264.486
289.15
278.463
41.6406
289.444
136.184
145.036
210.612
197.289
252.795
6.98829
1.94538
125.601
139.192
152.51
70.6874
40.3388
118.872
274.553
19.6274
23.247
88.9088
43.0301
17.6349
169.413
104.026
187.329
162.651
284.382
40.5725
224.652
130.419
242.959
203.891
32.2317
130.916
275.215
63.5566
104.762
148.172
272.429
49.7416
159.819
283.2
68.8717
124.249
141.361
104.014
86.887
226.095
245.75
117.012
93.3763
185.445
75.9894
218.948
161.352
102.806
6.66579
211.47
265.758
107.818
107.801
96.7901
291.422
186.848
219.373
113.318
291.284
54.6003
73.3912
50.1607
197.774
280.8
291.004
214.796
222.548
85.215
97.3089
159.242
242.885
36.3442
196.772
281.75
241.453
71.301
103.592
272.779
26.7331
165.114
207.488
269.733
142.82
110.905
47.4152
236.906
18.7911
26.1396
70.4661
35.809
260.924
282.084
173.822
276.061
136.577
108.814
284.942
23.9747
43.4864
9.94531
50.0738
177.099
291.235
31.7631
78.8341
177.107
217.361
148.868
166.915
10.341
113.729
246.705
46.9472
225.497
37.8724
75.2126
281.959
163.834
63.6992
29.0636
200.566
65.9727
254.318
68.5429
58.4085
150.473
214.324
141.304
240.225
220.164
98.4892
269.531
184.766
67.3309
194.809
11.6254
156.012
4.90766
144.26
107.661
24.6103
208.388
140.535
182.244
242.604
120.577
45.8894
81.8548
110.975
275.32
101.316
46.7215
165.227
260.68
106.204
78.5124
31.7966
89.6817
271.804
36.252
118.952
267.084
245.208
154.316
287.89
86.2483
233.968
26.9507
167.556
53.7791
233.503
230.338
46.7215
68.2345
15.1009
122.264
243.061
71.4932
78.1215
46.1653
193.145
19.075
141.687
57.4315
109.848
27.9004
38.9165
277.84
221.214
90.478
131.454
127.121
12.8397
13.9761
172.886
137.637
6.74578
264.906
151.742
148.045
169.215
92.4812
104.328
200.69
4.53141
161.602
171.15
198.912
136.488
68.0932
29.1787
95.0365
193.536
91.6412
208.029
99.8001
66.1042
208.48
233.703
16.2532
168.038
242.277
64.5177
133.56
144.983
218.855
228.944
151.777
129.887
209.208
260.146
82.3941
207.137
177.248
111.745
153.105
270.982
272.552
237.805
284.401
89.2048
123.967
166.271
180.517
146.593
218.914
243.379
190.691
104.462
273.434
102.854
134.636
143.862
261.77
13.2633
130.011
233.83
220.556
167.119
104.472
178.579
225.493
84.5523
208.298
79.6124
155.429
23.558
208.817
92.7931
56.3369
258.967
281.105
11.7568
271.468
137.456
73.5943
183.748
1.29582
285.082
111.506
182.743
201.381
199.149
59.0248
297.607
46.8467
29.2152
10.995
152.719
129.787
278.828
26.6508
71.2413
288.321
262.72
223.015
229.439
221.576
154.047
16.2325
255.362
7.54856
199.023
23.8785
30.1035
207.989
25.0372
180.648
63.8682
59.2698
47.7857
235.121
155.104
251.516
103.676
285.912
68.0052
167.589
193.038
21.8205
150.86
14.2879
181.766
37.44
293.289
122.51
9.29282
137.379
162.965
97.0317
105.758
46.885
65.6232
136.207
170.642
100.48
110.323
87.3837
97.1079
31.893
158.015
11.6704
107.733
222.001
283.589
273.105
30.7054
299.27
138.866
213.555
226.868
280.081
213.36
276.092
187.649
72.261
114.985
253.285
190.467
192.395
177.834
21.2933
298.16
107.718
200.26
160.274
218.386
44.9264
67.3055
216.132
35.3558
49.6017
161.802
154.817
32.3263
202.984
210.156
226.691
190.921
13.5984
191.568
90.4472
168.083
105.172
180.295
227.328
215.443
116.538
191.098
234.427
299.554
228.47
6.80761
268.052
88.4836
287.088
28.4494
97.6006
249.59
258.539
200.455
29.5226
27.2645
11.8896
265.848
140.045
86.242
272.011
88.7911
127.06
77.294
257.965
103.197
108.919
188.005
131.211
45.777
30.3133
6.59625
130.143
175.711
165.965
256.036
101.959
237.824
297.642
81.6098
195.855
39.0034
86.0237
41.1336
180.029
167.501
159.995
45.6641
79.4637
209.507
27.7561
79.8141
97.0466
281.595
4.18247
180.825
79.5889
124.632
88.0911
15.5878
218.368
11.8811
22.9578
248.961
260.452
44.1391
202.03
214.84
187.737
183.903
229.652
95.1683
121.724
206.967
267.919
56.76
67.9878
57.5321
294.703
182.761
183.943
71.0218
18.8685
70.9123
23.7031
90.2157
4.08586
179.964
50.8559
198.234
174.132
154.714
204.018
176.06
90.0927
58.3509
97.7668
96.1751
230.367
50.4679
43.124
60.9087
186.54
206.393
4.22074
202.286
76.8666
243.575
86.3308
122.273
194.033
144.029
80.1625
187.656
265.34
128.943
143.254
109.098
256.232
29.9695
94.0024
97.7535
278.603
43.8271
37.5315
226.786
272.033
285.803
186.919
120.233
55.6131
129.706
7.69955
221.25
245.877
234.362
152.887
121.672
161.975
211.319
23.033
60.0191
231.442
187.534
51.9635
67.5904
14.0164
44.634
94.9362
9.75574
150.954
81.8584
90.2833
123.868
7.52826
36.0366
114.108
200.62
27.6839
23.8735
212.368
167.028
156.244
170.992
243.318
150.459
247.88
75.3209
292.907
186.602
39.3411
38.0988
275.928
205.195
202.915
223.112
281.685
292.079
238.94
280.727
23.3758
145.923
167.889
281.071
195.393
213.039
110.021
6.81248
267.093
58.0355
36.8702
174.922
102.66
168.626
276.458
228.123
80.2263
248.876
292.745
10.3758
277.119
293.184
67.7006
181.249
116.507
97.703
243.975
220.544
276.631
84.4852
180.624
171.844
120.867
178.982
136.21
108.662
242.913
270.395
30.5512
54.811
225.719
222.732
150.921
155.268
97.734
44.1444
295.174
153.813
19.7798
286.306
26.3865
250.04
298.531
142.786
289.382
121.405
30.9075
287.849
196.84
50.9008
86.2905
96.3513
269.223
93.89
33.1838
274.575
284.991
299.91
76.0473
195.432
247.102
191.513
232.358
15.3474
262.462
203.208
102.048
142.188
248.317
227.674
168.632
187.776
288.452
144.63
73.1294
141.198
209.459
56.8653
22.6717
142.172
52.2298
143.42
178.41
30.6411
241.75
244.683
186.668
134.851
78.0852
253.728
257.278
56.6104
89.2943
233.777
267.211
75.2073
17.0782
102.974
1.29742
190.552
131.418
295.495
224.424
62.405
201.434
26.3205
132.362
71.2687
282.601
125.972
72.9703
236.255
203.962
110.597
255.608
10.0726
57.8437
282.565
290.061
143.186
99.0202
226.897
238.686
255.622
266.917
1.87388
97.592
259.834
133.477
4.40745
98.3606
24.2935
116.9
188.983
28.2005
164.459
156.363
13.9392
136.408
281.419
267.557
122.211
56.3752
135.987
202.932
43.3004
252.128
281.323
220.435
244.528
228.856
90.128
85.6052
19.1934
142.506
9.28384
224.479
33.0121
251.745
23.4533
78.252
184.619
252.856
264.611
180.112
6.0577
23.9786
211.825
236.475
139.892
147.463
69.5153
44.9324
244.075
148.235
52.4086
163.251
176.078
132.318
224.145
72.4532
101.676
126.149
116.996
147.371
51.3494
92.5605
74.5928
182.024
160.953
218.801
182.137
285.929
278.893
181.357
279.11
39.3247
52.8167
135.099
55.4349
212.013
192.128
218.333
14.8075
119.564
28.8764
256.156
9.08597
277.996
198.869
276.09
53.4569
298.106
39.067
51.2129
180.886
104.745
203.202
15.9088
38.0393
202.223
134.852
233.163
194.528
270.305
104.893
101.488
78.5527
183.838
179.036
270.152
69.2669
41.0536
235.593
167.531
290.032
285.309
228.367
25.814
45.8354
292.21
257.574
183.933
236.262
128.385
228.712
127.327
46.5105
120.05
266.981
188.685
168.706
218.313
145.292
11.436
249.259
49.0171
273.859
52.5971
23.8508
113.284
47.6698
35.4364
284.481
9.41286
136.875
76.3711
235.679
49.4041
166.757
68.3814
265.092
61.4213
210.682
115.49
136.608
116.937
161.766
263.299
242.874
159.4
86.5847
241.169
95.0128
102.415
118.345
91.2849
37.9137
31.9887
21.2793
68.8612
270.191
285.838
67.8895
178.558
71.2704
73.1268
233.917
26.299
66.0676
240.254
140.915
35.4798
89.3219
103.06
200.848
134.48
289.221
213.047
80.4962
175.439
244.45
216.417
74.9053
262.364
238.646
272.015
178.677
275.557
36.1938
281.406
57.6439
193.996
292.322
105.281
276.318
282.541
190.865
65.879
97.2346
116.959
151.026
239.938
239.481
125.009
266.457
13.5978
251.45
156.408
7.88721
266.086
57.7692
251.429
140.859
29.0377
168.066
80.6399
261.892
208.015
249.576
12.1056
207.58
16.934
39.0933
23.7229
120.988
132.191
284.62
200.141
153.24
240.602
110.396
163.957
215.365
80.5584
276.898
245.335
123.802
167.973
79.6498
228.047
203.036
120.074
130.57
31.4637
31.5661
13.9255
110.312
26.1523
211.084
171.71
140.703
274.479
32.6596
298.437
190.403
100.962
145.903
267.462
222.366
46.0397
168.619
72.9953
280.204
269.565
290.018
133.616
24.4125
1.34219
166.377
194.134
210.667
121.203
34.4379
134.421
99.3287
13.9118
184.822
164.313
27.7125
285.026
52.9536
174.527
230.284
207.911
288.734
5.15219
203.064
277.015
153.105
133.209
222.447
25.6668
281.439
162.8
293.493
216.66
38.4328
131.619
53.8247
210.51
134.757
117.263
202.494
195.549
201.048
289.938
257.852
228.86
67.0704
292.707
174.392
43.135
56.7566
28.6547
104.826
130.663
13.4711
134.674
129.171
111.478
198.06
72.9409
263.597
239.39
181.233
209.444
277.699
189.254
213.576
176.737
216.684
99.0078
125.772
42.3793
233.043
118.003
287.78
238.282
200.118
130.57
168.046
195.744
282.402
30.0419
165.915
259.831
186.767
7.20422
131.385
230.09
207.698
125.99
178.004
185.332
11.7109
51.4708
53.6864
229.173
149.032
164.781
251.209
106.579
283.017
172.395
221.56
48.3287
46.1575
40.7697
111.362
86.768
201.284
123.698
152.178
167.342
197.131
188.582
205.783
23.9681
226.046
96.5003
251.258
228.582
262.248
258.733
264.911
215.097
71.0714
53.9147
73.1495
216.687
90.4683
73.6513
32.4358
12.5031
251.025
227.404
148.411
6.66106
127.489
252.014
139.325
120.211
93.1424
259.578
284.699
84.6751
189.013
237.482
209.636
21.8436
84.8839
115.005
220.247
17.568
28.0117
219.311
40.4846
168.719
130.764
95.9881
212.386
156.934
158.853
299.199
82.755
71.4363
251.552
225.013
253.92
82.044
21.2915
152.66
226.457
232.79
136.958
9.1455
225.501
198.886
224.62
249.544
10.5353
247.067
106.959
207.398
60.7001
103.999
188.506
234.883
121.821
11.8007
233.688
288.876
156.284
162.621
43.2956
295.116
117.736
219.119
26.44
255.36
80.3764
239.965
143.636
210.874
251.415
45.5138
255.11
181.765
296.371
242.3
194.521
250.901
231.227
61.8045
43.2687
218.031
103.999
110.029
161.88
86.7122
240.327
185.12
32.4594
191.349
271.431
109.435
170.314
269.815
108.315
160.484
69.5925
156.117
146.816
268.1
279.235
82.3246
92.0943
246.457
194.476
285.069
119.709
98.958
157.548
203.923
297.101
226.645
229.441
270.129
143.231
30.9799
23.5731
260.763
273.282
19.9248
77.1396
264.331
137.384
25.126
68.3284
93.783
272.148
10.4525
128.226
3.71184
227.185
204.742
34.8185
221.323
286.939
194.966
135.997
52.4972
85.8039
87.6323
9.34589
33.1251
161.53
18.7638
43.3195
113.236
85.4157
238.815
150.396
287.543
165.827
16.1521
61.603
218.544
60.2019
199.663
125.036
206.799
290.07
28.7672
110.165
148.979
274.373
108.727
209.924
192.065
91.0623
114.33
208.091
213.444
296.882
123.268
108.121
75.566
97.5188
94.1909
268.074
38.9428
256.527
256.051
188.485
9.02805
269.546
79.3906
273.642
289.026
259.493
112.838
42.1932
93.779
271.531
124.748
132.233
68.2921
266.986
161.915
219.879
125.444
101.91
272.757
210.196
169.587
298.097
70.3225
170.83
50.68
64.432
290.072
21.3618
171.862
56.5243
245.258
51.7662
123.007
112.826
138.58
162.603
81.8044
172.452
295.575
230.895
2.24589
112.082
279.219
136.093
124.966
141.226
63.8805
2.10038
167.995
128.877
82.348
187.262
57.9824
155.158
234.102
104.766
234.913
2.16627
57.9683
9.25385
125.713
168.878
94.2417
142.347
143.415
269.817
184.744
164.294
249.368
170.082
110.879
7.29074
245.627
240.602
112.53
180.278
137.199
269.623
45.838
238.316
160.706
286.474
214.241
240.151
264.057
176.161
225.338
272.24
229.52
176.658
194.043
65.1972
84.9847
60.74
37.0371
199.259
38.1648
105.356
107.404
205.87
225.99
61.6915
198.229
32.2574
29.8714
31.8725
51.7089
248.01
219.279
14.6579
53.7592
204.27
88.2947
226.522
189.739
53.9734
262.505
157.109
180.88
166.493
36.0582
213.228
228.987
249.433
268.115
270.181
100.17
259.471
293.559
175.152
153.351
227.366
77.2882
199.472
47.3456
10.8391
26.1813
167.608
109.301
294.564
118.687
103.556
165.497
286.456
28.6321
200.716
71.9492
288.299
50.2515
33.0449
12.668
91.1508
151.654
18.3345
251.266
199.955
280.725
105.916
215.155
206.378
238.39
269.79
195.271
271.701
200.334
149.421
219.797
10.9011
208.374
260.154
243.006
211.544
96.1599
17.3693
143.726
8.07341
293.658
58.0398
62.9874
278.437
96.5119
256.368
249.106
236.733
221.972
113.71
68.5929
241.426
32.8634
44.7795
2.16891
6.74337
237.891
89.6799
53.2756
23.6968
134.152
146.212
243.581
33.1354
265.224
126.546
135.399
147.051
216.091
4.65607
73.2329
240.31
233.045
232.49
228.847
234.263
270.445
262.394
131.853
97.2128
95.6846
53.714
240.336
230.223
258.381
264.307
283.91
86.195
32.0503
142.341
82.183
111.818
90.7662
102.381
268.484
115.725
262.473
225.446
184.801
221.101
220.008
33.0395
121.359
20.2562
222.178
265.49
296.439
11.5911
70.4201
100.881
73.4181
178.626
15.4196
185.234
258.334
4.12016
235.387
285.361
221.42
70.8718
293.928
143.247
21.8286
176.948
295.366
32.9235
270.87
28.3476
276.767
256.093
209.316
135.157
26.9717
85.6476
47.8703
139.692
1.75718
87.8408
291.756
222.839
65.4303
30.6224
111.367
113.775
56.2901
272.554
52.6912
242.825
256.581
84.4242
51.4016
193.944
89.2282
181.754
179.079
115.452
225.839
110.584
134.094
104.501
69.6714
182.46
164.829
266.617
206.802
6.69031
297.85
31.2853
239.49
213.372
95.6194
107.935
113.127
95.4922
108.841
12.9003
202.735
4.36043
171.279
265.149
243.057
109.382
166.651
281.564
61.9219
35.3121
253.006
220.827
9.63441
175.791
105.251
90.8258
102.236
120.783
100.416
189.772
3.39037
18.9866
85.3712
216.139
291.929
196.089
208.53
153.183
173.339
237.405
53.3088
152.321
151.925
7.17424
41.5639
59.275
242.992
63.5549
113.755
190.852
286.877
86.7674
147.306
186.82
127.821
108.278
125.904
159.178
187.411
292.192
72.7493
266.834
68.7716
272.264
83.5626
4.38491
95.1112
144.439
42.8738
126.057
195.796
40.2657
101.751
191.564
178.654
168.537
145.094
4.04051
286.835
128.078
204.156
78.9565
170.5
80.9413
155.445
185.1
69.459
221.995
39.1788
59.7831
228.761
214.892
12.8001
96.929
101.342
209.812
123.062
101.885
149.926
93.6589
19.3231
124.288
91.0498
222.951
40.3451
256.735
22.8797
33.1097
28.6707
144.913
4.59842
31.5165
186.19
102.371
40.5177
201.543
179.029
34.7344
246.07
205.895
128.08
172.686
184.25
237.177
180.19
145.895
207.623
55.3415
195.564
286.419
190.486
107.597
143.579
82.6073
284.006
66.4812
168.911
202.854
160.2
264.737
11.4995
107.743
268.381
210.594
135.593
9.46888
184.301
172.759
167.562
179.092
110.146
52.9305
290.9
254.006
198.584
120.935
139.356
142.51
66.4112
76.9695
104.212
90.1848
280.702
49.131
289.934
128.107
233.869
165.475
151.569
34.2541
109.888
63.8472
236.478
223.946
91.7983
195.344
269.234
142.386
215.133
168.424
199.413
101.538
190.163
79.4203
250.932
143.508
248.37
257.926
163.873
15.3709
299.054
49.3485
74.2572
162.946
115.714
34.4419
175.02
153.683
86.9718
17.6354
277.921
70.526
207.669
3.76637
147.572
29.1401
18.3829
228.297
51.4744
108.028
59.4103
99.5692
173.509
10.7065
247.603
30.3282
273.673
108.446
281.142
140.021
161.959
50.4201
156.559
228.023
73.7824
47.6924
208.743
5.35584
280.506
169.572
64.8589
1.62089
194.84
64.3541
10.1194
125.777
116.707
230.68
156.887
159.365
103.848
142.407
141.17
15.5803
96.5514
94.7207
11.3117
107.543
54.5549
217.678
276.967
52.1375
78.0679
128.362
116.57
129.066
160.293
66.6561
36.6226
86.0558
156.961
29.6239
23.1456
178.969
265.188
164.61
257.921
42.0123
61.993
297.528
227.947
63.23
12.5332
59.5361
96.8615
71.5224
169.852
166.914
58.773
18.9744
247.355
140.78
195.657
63.0951
252.818
123.064
180.575
226.656
113.449
212.594
70.5086
82.4006
179.855
188.61
164.309
67.9756
89.2487
96.8943
262.594
278.79
156.494
276.849
283.481
205.504
205.973
182.432
288.115
72.601
2.07436
23.8065
36.6081
186.704
286.489
222.918
197.116
33.1625
175.238
286.101
223.193
278.086
208.863
174.03
194.691
204.991
194.708
22.7619
21.0379
280.513
94.225
237.893
69.0182
260.2
237.518
14.5327
189.615
67.3081
162.92
84.268
20.2652
45.1465
123.359
294.764
188.84
6.72433
95.1221
31.6025
148.702
88.8431
228.554
17.501
192.23
8.28684
215.986
55.8013
86.8763
146.944
38.2819
74.0646
14.2054
35.0608
232.363
168.306
62.9604
37.8854
140.376
89.8761
225.13
156.172
25.0552
98.1052
264.245
217.521
191.24
282.559
106.502
43.0622
235.303
44.6711
162.595
251.82
275.881
206.594
273.948
43.4628
230.707
137.578
210.036
34.6915
270.269
131.599
197.897
229.656
151.237
56.8573
204.512
60.6157
20.0444
9.0199
290.453
93.7153
50.6562
297.801
183.27
280.352
80.8319
140.867
79.2543
299.91
7.1557
71.7117
15.2982
69.461
233.927
224.208
247.273
188.021
22.9305
35.5714
297.121
260.666
188.813
150.874
123.306
73.9561
29.497
23.532
32.6747
93.7293
156.174
242.143
230.148
208.881
212.347
222.215
233.367
133.556
82.5038
236.138
106.064
53.4562
259.592
287.073
160.322
214.518
95.9296
197.023
31.8056
135.433
33.631
67.7271
173.647
63.2518
279.897
59.7909
226.004
234.716
45.0837
285.018
192.294
117.45
239.816
68.1984
160.273
121.978
140.211
111.991
168.872
265.738
127.909
147.687
110.616
151.267
200.872
111.159
102.815
104.882
108.578
259.397
156.905
6.55712
235.012
288.606
22.325
177.421
75.9784
196.16
198.836
156.897
293.614
153.446
291.225
266.354
217.681
94.1294
111.236
124.494
85.9807
105.589
15.367
231.352
21.189
82.8935
16.367
158.072
4.7324
104.456
203.865
238.976
273.517
282.939
169.284
118.655
178.89
21.0455
240.324
107.492
296.317
14.4309
27.0454
61.957
96.485
151.662
264.79
242.584
71.4523
282.441
142.278
60.973
137.606
129.51
259.347
12.9175
170.805
182.734
32.8504
207.121
294.994
37.7814
21.8763
284.421
265.349
293.52
196.082
209.561
153.664
225.317
52.4252
209.006
210.108
79.6402
60.5368
212.112
250.465
249.53
197.772
100.018
31.58
247.662
227.126
25.2622
110.301
132.88
62.5229
135.209
296.927
95.7661
105.639
143.481
254.06
276.269
44.2601
227.104
249.648
248.628
120.522
121.807
51.7559
241.861
132.123
52.8081
35.6147
48.1414
132.405
235.569
157.353
156.967
180.579
108.888
88.9019
128.971
71.6618
160.701
213.558
113.214
184.72
151.12
242.479
46.4858
108.045
139.455
102.243
161.175
129.8
106.028
16.7022
213.052
144.391
265.329
68.0135
177.387
71.7186
225.413
281.578
100.945
228.059
258.017
120.774
207.28
166.969
113.081
102.843
198.547
48.2588
85.1405
47.5172
161.763
33.8204
83.424
117.423
69.7489
266.566
209.706
5.39259
130.249
56.5004
90.2938
56.4406
128.74
120.34
63.2163
228.856
134.348
261.838
182.592
261.205
227.816
292.991
186.508
297.232
268.505
275.813
23.025
198.256
141.268
255.49
13.9967
111.126
97.1125
244.542
105.204
59.8191
294.891
83.0309
270.77
4.27428
297.307
49.9361
258.087
158.652
125.973
111.992
26.8334
38.5405
233.774
19.7847
179.869
23.4137
105.655
177.395
15.5459
253.91
41.3647
216.696
125.624
78.9595
270.788
188.926
108.257
277.667
26.3216
148.866
82.6333
202.738
56.6729
128.648
230.875
268.711
192.443
72.3625
178.754
256.036
228.558
137.289
46.1051
123.422
274.812
287.738
87.0962
80.704
72.1723
44.0603
139.592
90.4662
41.0016
1.61605
264.958
37.3389
28.4707
16.015
123.3
47.586
174.903
200.366
92.4352
236.13
168.528
62.3846
99.3655
179.873
138.054
98.2282
11.2764
133.083
68.1355
153.06
89.4532
262.809
286.172
145.497
103.967
73.6635
201.902
59.1587
257.719
18.0161
51.4546
138.209
108.152
225.725
64.5256
216.406
214.28
180.957
161.165
35.1719
124.018
40.6993
48.9398
93.896
257.495
144.571
190.303
262.776
96.2125
121.329
20.5749
138.917
94.2745
94.9008
143.042
50.8576
17.0607
208.641
51.2949
122.86
249.619
260.504
107.114
258.153
112.818
87.3007
168.505
14.5362
29.5406
14.619
251.554
193.243
93.7199
67.196
11.0652
238.35
219.196
100.346
143.866
6.80492
17.7078
159.269
199.095
264.588
101.006
66.6043
149.008
198.902
240.212
192.157
18.8516
205.18
64.6405
115.842
84.6903
91.0507
17.4101
275.547
214.659
237.684
296.297
209.073
70.8211
194.768
192.501
128.207
187.209
204.475
138.562
96.4068
203.309
11.0348
151.615
105.72
9.99527
249.137
39.0715
228.084
160.949
96.8707
116.464
157.703
150.787
22.3354
45.1365
238.732
218.539
70.154
105.939
52.0527
93.5227
177.08
44.7038
40.7318
25.056
126.023
183.161
96.438
193.128
193.542
10.3648
232.632
285.088
59.5652
289.589
232.842
245.22
185.519
92.0823
83.4385
92.8388
240.717
259.484
9.67233
189.683
190.959
241.746
221.575
66.0933
251.525
166.919
116.606
211.819
254.99
63.6016
142.077
226.391
196.468
171.778
232.901
240.868
59.7538
67.6875
245.062
183.643
185.816
290
59.7935
185.555
284.185
191.637
265.588
258.288
283.103
33.5249
159.611
76.514
263.637
282.177
265.193
289.315
65.2221
280.485
264.625
52.7151
181.695
203.447
243.32
105.424
58.8172
164.812
146.467
197.09
81.6655
72.3583
73.5751
46.6588
116.957
67.0365
288.688
135.252
172.533
183.797
73.4741
249.778
12.6589
12.0255
26.0436
189.796
186.379
177.515
7.14297
25.2804
8.92365
129.73
15.3065
190.765
75.5735
21.1128
50.7538
219.608
108.811
91.9891
233.189
189.337
178.805
272.39
86.6121
13.1535
70.9781
290.618
31.8248
55.2427
154.499
63.2832
25.7336
111.242
73.0115
237.225
160.453
4.02731
194.236
289.084
249.883
201.936
6.92423
254.74
196.215
207.173
290.127
10.6467
156.184
296.218
29.5558
203.491
275.151
177.191
33.1946
260.741
139.536
25.1037
78.4219
262.294
92.4233
192.098
46.7655
93.6528
276.453
9.80051
73.9176
41.3987
54.7712
17.9841
237.89
149.14
161.691
297.023
155.151
152.875
112.888
268.328
205.008
91.1039
249.516
45.6165
203.789
69.1376
245.202
131.826
159.043
242.519
37.277
234.529
175.292
28.9037
137.704
138.096
286.679
202.49
194.7
25.998
86.3662
194.879
104.247
209.544
16.6174
236.19
283.378
8.61232
277.19
39.6636
167.454
288.772
199.105
23.3844
179.19
128.01
260.371
108.457
292.33
232.49
188.081
223.278
286.368
56.0342
183.747
219.385
230.669
246.864
144.885
221.722
192.911
178.082
47.594
23.5463
8.66441
126.141
109.18
285.127
61.1931
42.1961
17.3899
148.026
236.157
108.862
183.988
252.586
172.94
203.31
68.2054
2.41429
168.541
74.2063
37.9058
129.903
99.0147
91.7566
81.1837
18.9669
171.38
233.892
242.596
47.8643
163.645
251.31
180.444
28.511
266.759
206.213
100.081
80.7043
280.671
211.007
281.961
98.527
115.26
219.187
31.8061
61.2784
220.463
105.239
88.7489
194.697
241.598
218.067
189.262
164.145
247.299
144.095
211.311
222.321
242.833
153.486
260.111
257.69
1.29125
264.307
12.5426
245.729
165.601
226.588
179.842
185.813
243.87
102.213
116.018
141.406
73.9592
95.3973
216.899
56.2125
71.129
204.788
73.7998
236.535
83.7224
150.15
241.451
75.5204
127.128
86.3465
151.718
44.5343
171.698
196.769
147.414
192.292
211.103
57.759
85.8484
256.939
96.4969
103.917
68.2166
269.068
133.167
48.9667
257.517
161.371
240.929
164.135
24.4773
46.1391
85.6036
37.6585
248.828
200.04
60.8501
140.056
13.4065
83.9433
117.075
285.625
209.643
81.114
279.02
48.4854
135.83
230.335
12.6827
119.811
228.318
286.111
119.054
267.973
36.4414
273.001
96.8096
217.157
295.619
212.397
214.141
149.715
93.8564
241.169
21.5109
92.878
136.846
56.0762
132.868
57.6093
110.461
10.2531
277.664
120.922
117.751
16.0556
150.131
275.778
20.4582
214.477
222.289
157.073
41.4773
178.253
98.7639
277.289
258.629
175.568
256.268
189.273
30.4527
206.582
282.9
177.555
71.1171
108.15
290.893
49.2649
124.29
276.411
284.343
172.931
165.939
166.796
239.579
92.2654
163.204
141.748
226.3
219.2
127.221
24.6034
105.783
257.146
283.306
187.86
178.603
54.4495
33.4943
238.164
9.12059
265.619
145.087
45.3616
172.621
254.314
25.4376
173.269
49.6169
166.109
130.057
72.6452
276.054
92.2641
52.5755
47.2027
227.637
107.155
85.3041
288.651
203.234
227.937
177.436
129.03
194.191
174.929
96.4864
214.709
145.626
57.7942
27.3606
202.3
179.54
292.568
236.451
187.688
225.391
113.05
74.4897
54.4611
7.43285
109.232
54.8654
61.0805
77.3955
13.1429
280.6
43.6891
16.8469
128.61
39.2253
75.4457
194.988
213.394
256.968
29.2172
13.8424
41.4108
211.54
250.532
37.5487
77.8059
89.7238
51.2701
30.8245
130.01
171.602
218.902
275.452
114.832
283.784
259.839
189.495
115.38
121.988
25.7482
126.895
209.659
171.851
22.3884
67.1499
227.517
272.391
69.2585
28.2696
173.229
170.287
224.52
191.132
189.266
94.7059
299.307
221.355
229.048
196.268
166.319
299.295
47.5886
10.472
135.262
16.6516
50.9563
56.3195
234.145
162.589
112.696
89.1897
48.2828
239.887
291.857
151.51
36.5458
61.8177
247.519
14.7618
69.9058
156.901
75.9968
155.98
236.007
265.357
101.039
105.591
253.898
126.939
10.9698
123.212
100.678
169.706
90.2771
247.933
131.691
294.845
177.254
52.6939
23.9115
112.821
233.027
79.3258
51.4971
209.345
161.501
41.8191
23.7031
12.6281
291.034
103.535
176.519
173.986
249.395
258.684
209.413
176.426
126.783
264.663
21.3171
197.013
270.969
63.8484
58.9198
113.47
99.1181
105.314
198.655
83.883
245.244
175.69
64.568
40.1192
158.556
53.3091
242.633
81.409
256.399
26.874
168.952
97.3116
10.2508
171.565
103.062
210.352
112.004
92.1012
230.135
64.2169
154.113
262.257
154.434
70.7452
276.953
204.971
162.963
132.105
100.61
150.612
26.3457
294.961
20.6079
57.4477
124.089
207.589
142.039
79.9148
188.024
263.702
235.972
109.47
160.646
220.8
254.212
289.667
187.578
78.5178
15.042
106.828
164.128
167.54
207.281
199.473
56.8642
278.09
120.635
226.863
245.366
265.55
79.1824
16.9065
91.72
227.27
192.41
116.13
237.984
56.7715
144.647
235.53
138.748
212.546
166.143
69.1602
255.771
299.371
254.464
91.7492
80.6501
127.371
3.3189
35.4827
25.2634
191.258
23.4693
116.961
112.525
200.826
47.0697
15.4526
9.32908
86.6545
241.624
40.2505
30.2404
108.356
201.648
210.883
39.1277
168.495
206.504
110.531
11.1937
203.254
4.01362
226.294
143.411
8.9544
113.88
22.7098
63.8774
30.7305
4.78536
44.0135
190.287
154.233
185.807
257.404
182.098
152.277
121.75
204.682
93.8146
154.846
34.0587
283.423
251.707
16.6258
63.5881
17.73
59.4938
18.5284
31.2441
17.6133
268.656
64.8763
65.2302
290.164
219.443
277.074
62.0693
290.647
102.153
10.0744
53.4593
173.297
43.2386
9.20333
90.0607
62.4956
166.652
45.5598
237.828
125.484
254.795
4.067
225.355
41.3478
270.488
47.7892
61.9238
218.677
143.679
286.108
205.847
105.27
253.566
288.605
26.7266
2.68594
40.5551
226.02
291.436
268.439
238.319
291.631
96.5148
129.028
233.376
162.548
129.796
7.65422
163.147
97.109
190.141
138.321
96.3281
197.366
154.677
205.465
211.913
18.9925
23.5795
126.911
209.903
284.004
32.504
185.228
247.843
188.37
123.486
268.835
281.104
227.302
37.695
212.233
96.5387
213.532
285.236
294.294
134.145
212.642
246.286
149.322
93.1328
202.82
233.093
236.286
115.395
245.84
170.418
263.014
191.49
178.999
79.1614
143.506
81.0285
32.7368
272.575
152.662
72.1538
168.319
270.593
107.211
172.904
26.4772
232.812
33.3456
189.471
75.6302
255.666
272.652
93.7685
272.512
209.966
76.5044
174.286
108.625
231.295
253.057
294.916
62.1817
53.9062
87.093
264.734
243.635
271.57
299.345
120.205
248.913
128.307
6.06237
285.696
124.46
264.498
64.1475
259.893
115.379
58.8226
259.404
176.526
259.737
168.563
74.9574
224.418
35.4226
